14648
12405
7424
15430
23728
14830
31540
12049
25697
27114
24665
16794
790
13842
319
21511
23731
9684
11891
62
16593
12910
1031
6814
30889
27977
18065
10988
11315
24713
4470
29072
8847
24034
14953
19713
24995
12205
3630
4990
28934
24635
19108
13567
17436
2921
31234
14699
3971
28276
4961
28427
3502
10767
1147
23871
30416
27315
2226
20335
12284
27447
29012
3141
30090
1440
17181
3353
1212
17978
19709
18861
2210
13544
7196
27675
20026
18616
28956
267
988
14778
6814
30761
2005
9491
22791
2263
2643
14157
12164
20254
1665
20721
17995
13547
22258
22872
16932
31608
