14687
10314
25186
9278
16431
29183
3353
9690
27228
18873
22890
17323
4313
15790
4481
192
17867
1411
1092
20214
22507
2074
17369
25453
9516
29611
11624
12088
159
7190
7714
20569
12179
4983
31106
3820
16896
12539
25810
15010
18982
31219
23538
31857
14193
8487
853
28810
22688
4205
23372
7308
18726
12410
14471
5623
19920
25335
9688
27875
25769
25304
4923
12018
3099
32489
30228
5763
1366
25257
16055
14888
5622
24924
18221
20571
3295
30556
7990
23404
3692
30128
22922
20926
27594
3039
15972
5683
2462
9222
1857
21733
6638
17705
2021
6167
11582
28615
26784
10603
24313
10417
21967
4949
8467
9756
18597
22223
27373
21236
19756
10574
20345
7283
27014
20213
16030
15859
2681
25865
30174
32512
6443
12454
25654
6066
7721
17840
1349
12089
5550
6667
30641
10426
22819
22799
21191
12890
16866
2870
32609
19096
26943
26136
6157
12255
10697
22682
5227
28251
17869
10082
17367
13
22300
11662
23368
13082
27662
5541
6776
19049
30151
7885
19526
3180
27577
16959
9816
13374
18538
19705
19460
30959
17272
16818
30833
7964
27866
5907
5113
18626
3432
9764
14546
30547
28830
23813
27374
29706
31645
2526
1823
4732
13682
21016
11647
369
9371
10702
11023
7665
9671
24446
9886
31906
8158
4101
5357
7505
14657
5834
14352
31950
29267
20025
11799
30973
18744
13427
21230
15146
19165
18499
31106
7325
13624
12885
16421
14702
3793
3746
1076
9627
22401
27183
14583
30808
13945
18679
9672
8614
18823
18469
20344
15911
31125
12423
4334
23857
30835
3392
10001
27937
19414
6845
13289
16882
2464
8682
32000
27150
10593
5029
26895
17763
3870
30835
214
4794
13138
2161
30540
26436
3123
32654
31992
17526
7222
504
25247
16407
18901
9428
20255
29336
25744
28466
3227
8099
31538
26432
12504
19702
26453
32701
9447
15218
12840
31153
20485
30319
13936
3676
27071
27987
9165
30060
14170
19299
18239
7027
14449
473
15592
7319
1760
14390
28436
22412
28129
5849
1654
11455
31861
8145
12212
15828
5894
2544
23079
16723
19530
21024
21468
16030
29034
30458
26334
17959
18788
4757
23479
31199
15278
18076
1332
31218
24092
11940
14697
2481
22019
19644
23541
207
21663
9285
23943
23761
12978
30468
21665
1728
28526
22645
5020
8481
5781
2914
24557
29223
20959
23989
11942
15910
10652
30347
2624
9803
14490
19081
1431
24459
22345
10867
24630
21977
541
8186
16341
3996
32564
3286
8992
25952
1849
16405
29114
25035
30088
30131
19842
24019
17298
29802
2325
11567
21379
15819
26516
28427
20003
1166
2471
22272
6138
23847
11201
579
8632
23706
6566
11549
6100
6543
31531
23707
13682
17321
24125
20614
16010
17684
8741
20885
25927
8797
10250
12258
7853
3207
27832
1435
10879
22875
28576
4602
21088
22015
2847
16503
9272
10186
8707
12348
11225
12119
17995
20441
28643
8664
15662
24889
13796
19629
1119
31188
20932
14134
15504
21287
1121
5861
7477
32609
11638
18839
21898
22112
21697
18980
32471
11995
20069
21300
1010
14305
32397
9301
8710
1666
82
7499
26260
11212
13279
9127
20151
26361
30674
1692
27564
18406
4582
21773
12433
21959
2767
23018
19821
3610
358
12989
15217
20441
14598
13440
24190
1780
26422
4786
24551
11262
1160
31914
9847
27686
9409
9514
4022
3434
6713
26679
20072
25351
26757
808
4695
26164
19028
4862
23890
18191
20119
19699
10614
2520
20709
9558
17580
1117
20765
22677
1395
20405
28237
2716
15584
561
2258
28765
2530
17808
20417
14256
29131
7538
15750
8542
25100
29200
18379
376
32576
13097
18076
6638
25965
10048
22216
860
15750
15108
15242
6183
19508
25872
872
5577
24021
29140
29788
26729
13254
19411
818
21679
22237
5136
23089
29654
29498
7874
13053
13827
8512
10319
1980
24277
16350
22136
24440
12349
17427
22993
14788
14224
8625
17269
23971
28890
12641
25335
4005
13430
14311
16540
29523
8923
29351
1991
7117
697
19816
30132
4018
17733
9561
8297
17472
9424
15697
10730
21437
4511
18267
13229
29461
24823
10098
9805
27332
29303
21385
8578
5878
16299
29903
10321
13037
2525
11824
23936
29604
6702
11295
25677
13746
18406
24979
14688
17008
14601
5711
6141
28766
4395
10855
16254
8899
644
13056
11521
27796
30023
21591
7518
23191
14640
32005
27484
10440
30044
26241
7716
26364
19038
32486
15349
20676
23183
8182
13594
23700
11429
14175
31513
17957
7304
17470
6190
6167
20065
19938
23287
30939
22515
14290
27249
16080
5166
5905
22051
4012
21761
27808
30361
3870
26481
26949
12820
24754
7656
7819
31104
244
21711
16650
4518
14808
9566
24552
31907
13913
15027
13728
6041
31073
32034
30210
16548
15337
1997
15740
6416
30305
7284
1431
14281
6482
2446
17092
24594
14658
13976
3929
4218
12760
19117
2007
32268
1088
8535
15470
20423
29905
421
23491
11854
11245
19325
31472
31712
24105
3892
7884
18569
16302
17244
27246
22170
18144
3293
5868
17240
573
19784
6248
10225
1415
27495
5198
18100
12837
2585
3287
6272
24263
8540
26066
20093
8777
11692
9891
7179
17882
27020
7564
23800
8797
17762
18475
27638
27919
4487
9540
15692
14186
3743
21441
4555
9802
22566
8951
22020
9295
23884
30763
440
4994
23555
11605
2960
16955
4694
19747
17678
10050
6652
20545
12996
10548
8749
16344
13508
29992
31668
24917
4951
10387
11078
20331
17394
21097
30226
9307
31333
3973
7321
6515
23126
17995
14272
16340
23790
17804
27683
13945
16082
19113
26541
373
2645
13052
23910
26236
4588
23667
29579
29349
28386
31102
22500
3438
22604
23596
28242
15617
26176
31889
19880
32694
5442
15978
32443
24280
7679
14852
12733
7852
30014
3161
24006
12207
2067
29308
32436
17696
2133
13368
25909
13502
23891
8692
19746
979
3267
10714
11791
17777
12283
18489
31264
11772
18788
22311
16158
32744
3627
362
24009
13764
30777
23705
19312
3448
13414
28286
4544
22731
16617
8639
218
14120
20499
28093
18344
7329
17214
13757
26224
18996
20992
9030
12201
6989
12708
32713
19214
19597
20698
20872
28402
8138
31661
16304
17363
343
31670
456
9777
4741
2191
24143
15008
15721
7307
31905
2077
13792
420
3611
3230
3025
10933
4735
32749
12978
11498
