14779
16358
1095
27691
10327
8060
24966
26030
30800
10567
18749
18556
1609
20335
3270
26907
15107
25797
19584
23545
14461
9556
11800
25253
25184
11576
18439
14655
17817
20916
26204
22574
9032
4222
3260
32272
8921
2397
22951
5623
28528
13814
12028
19922
17547
21475
17344
28969
11747
13574
795
23566
32403
27165
23715
6736
17275
31638
27102
1777
13543
9380
3329
32730
27500
17554
27902
462
23571
31320
29374
16541
24506
7788
11179
3994
18870
3802
13682
11854
20925
407
5895
19822
21764
20754
10985
24587
12964
30477
32423
3337
18242
10667
19363
21714
19439
20170
27926
16203
7245
14738
30548
9736
10227
26190
21586
28348
4883
10363
2405
18931
19034
32543
2636
18947
3608
861
15729
26175
14497
9541
5484
15983
17395
10993
25545
12925
21145
9677
18699
8817
16335
21046
26096
27295
31462
5447
12791
28703
12778
3311
6944
20862
3971
26183
21235
4019
4121
28195
27843
17237
12859
4072
12596
12811
1602
13981
19195
22595
24881
17476
12517
15143
14048
4970
28955
5836
24410
14077
16804
15533
19331
27742
31275
13913
27902
29623
23299
104
21837
17039
17768
29107
20538
17563
18696
8901
32118
7895
10946
27020
11649
10454
18605
15700
1481
4182
32604
5879
12310
23320
29792
8525
6437
15087
27151
19946
659
26646
132
8713
27646
30150
2023
20419
5990
21768
18415
28549
11481
31177
24740
28096
16719
22060
10346
226
17619
8228
11067
15238
7139
5441
12084
3815
26650
12490
25171
20891
17420
2061
5503
7806
30322
16627
10440
8172
24711
22231
3313
6963
11185
8600
32299
20551
31332
21229
23588
440
8259
24057
17216
14562
9609
32032
19238
6756
6568
18968
3711
24275
31024
7235
24570
17327
10993
8508
20628
2197
22628
25520
27414
19639
9543
13423
18655
24714
2696
10690
25571
24510
22628
10496
18932
10099
9168
11868
5441
31914
8984
18177
19996
30457
15814
29025
6656
900
21445
22473
23506
5160
32710
6457
10599
20217
22755
5236
14919
20975
30594
26963
13232
24284
16765
9310
30174
929
16768
18589
20106
4770
3506
11180
13489
32631
407
22542
29078
29669
20277
27075
23306
12556
11125
6429
747
4321
6605
26575
32747
15327
6940
9287
13202
26362
17365
14142
12679
11733
32096
28557
11275
23860
30397
16450
2502
16820
2155
9459
2246
20154
3976
8274
4805
12713
1081
2306
9898
9560
20300
6313
31571
6595
8988
28999
16274
1024
23477
3270
7029
27253
10809
19154
22219
329
3971
4330
18659
27416
27145
12471
30103
29163
6919
2205
31625
19559
1754
4753
14253
17220
29865
21802
16904
19201
4427
27386
10167
26070
6501
5150
1586
25067
28371
1556
27602
18375
7498
28109
8593
3339
4667
22531
16914
24416
3066
29645
16865
7086
1055
25457
19707
17807
6445
3961
7569
4867
15217
12297
12297
24677
8493
111
30790
8349
17910
20732
31785
7576
31067
27410
30551
7413
16583
31615
27709
15617
4265
30473
18002
7654
8401
11594
29084
11039
24605
32191
2934
6447
19286
25371
4240
27539
11093
18657
11319
5877
32362
24369
3287
5026
4350
24802
25022
29758
2422
32722
26146
21687
27483
27514
7526
13687
21944
9670
9369
5854
196
6691
15680
26863
16065
10969
30037
9033
1060
10395
4239
6489
15094
26716
5860
24271
25978
27493
11341
20558
21520
19877
5577
5224
29273
28232
4004
10441
28572
1675
22777
20402
18025
8910
6262
29098
26492
12778
32351
18288
3043
7878
18389
24627
29284
10277
1881
22533
3097
27330
22156
21134
23645
20895
21816
3581
4076
24730
6548
8772
3909
3393
30148
16517
4179
6631
13984
1735
27469
9976
16310
15342
14043
28297
10386
2026
28538
24115
16189
31790
11809
802
5123
100
12837
31849
29305
30559
16986
26520
27583
12369
10619
31633
22019
30782
20939
17815
25926
24496
17405
15528
16739
2221
3409
7949
15693
4326
20737
20015
5016
27697
2267
7340
19515
17209
14639
17066
12180
10868
7147
27756
27308
17750
1797
5923
18621
10693
4633
12294
9713
6092
16212
10660
32621
22931
11152
31609
17550
24463
2496
16320
19826
27894
28047
25481
6843
26742
10564
7435
17039
9510
17129
7227
12003
14269
17580
10654
4346
11266
27781
10075
11816
11907
32537
10388
27100
32394
16863
4854
12510
15437
24705
32399
10708
26469
16773
18400
20235
8577
3628
2100
21876
2396
29082
26672
1261
16876
21304
170
26050
31197
4183
15807
26484
1853
30998
30751
25785
27513
5253
14508
10435
21384
28682
23108
22981
26726
32260
32218
27828
964
18351
1228
1611
7422
30280
1392
27985
589
30577
28144
29214
12862
16598
18777
28508
26978
30481
23278
18443
14407
31691
962
1735
13736
10020
9862
590
8417
12373
32159
11069
2213
2452
6012
26394
18931
13113
27942
7319
31558
18974
18200
21781
6157
21835
25682
5992
90
5843
6057
24538
8414
25593
20321
22898
22293
18583
15101
15478
26046
31169
854
30254
3470
23461
18667
32235
7717
7861
23672
31560
4929
14345
26058
8624
4658
14590
27857
25888
23438
18980
30967
27694
1317
19799
15024
25419
4151
27435
29522
5445
12261
3982
3880
27920
21478
6568
9665
17605
19323
17158
21646
9707
5285
504
10157
24310
11157
27447
1279
4621
28260
22219
19840
8464
26884
19500
10456
6874
7543
31144
12077
3523
7230
15108
25916
25449
277
29542
16040
10673
10205
15987
6801
27912
11738
15540
28265
2031
4894
32574
4867
2998
4165
22162
26605
9863
29795
2242
16640
10919
7995
13013
21045
6905
27570
22893
3515
24772
7811
27815
10310
3765
11571
17219
14249
21800
29000
20741
8103
2979
7094
7258
16646
29603
31898
14143
7910
6300
29482
16223
28241
28987
6636
10619
17427
9710
807
23567
21708
8358
6552
23859
31555
18908
31077
6079
30973
5842
21847
31666
9487
19739
15427
32213
32048
8029
21193
15003
19730
1878
21825
16460
24563
285
30195
17506
28783
2986
27526
18484
19096
4761
17340
28881
21576
9515
20060
5679
28598
7822
13423
19845
27720
9054
4014
29429
31144
6251
5692
30318
20762
30397
11921
28625
2317
8405
32694
15954
18159
7478
20920
14114
17222
23076
21079
10059
21501
24236
4606
11483
28923
3300
19704
11076
26363
22900
21728
24323
11415
7253
11865
21632
3493
24281
14080
17973
8391
19180
26527
9747
15166
8089
1700
22049
22271
20176
24273
21607
7945
10342
20020
24074
5621
13917
16730
19896
2767
11878
28352
14662
20516
7332
26250
4760
26972
11187
19063
20418
8778
11753
16917
24172
17666
19419
32561
26235
25067
31779
26258
8174
24085
10337
12519
16389
15308
9088
6141
16809
20845
21819
25653
3336
25208
16095
28214
17024
20199
15698
26847
11454
19646
11348
1919
7719
24548
20229
21577
15734
1073
8615
19202
1447
15816
30886
3069
32021
935
4309
15177
26591
14460
29947
24617
31119
9658
23694
22724
18942
11501
26558
13854
4466
9035
23734
5191
28682
2955
18974
17107
17500
8698
13028
20873
21852
28363
10044
21856
21376
21166
28389
31143
29985
16805
10414
12675
12837
8211
826
7582
25307
30230
29440
31262
17958
27927
2453
10452
13022
19360
21038
11190
30835
25453
22369
9104
13011
9669
13867
9974
5518
21003
25143
1405
29240
29328
32605
19243
32272
7083
29802
6187
6878
8460
6943
8389
10018
13645
12668
27022
6506
10186
28734
5084
27396
13491
27302
20093
5589
7007
7036
16041
10633
28387
17236
30004
15341
21732
31760
17416
14488
9897
9638
2003
21457
10356
4131
14845
9389
19219
1776
24285
10872
11186
8532
9260
16726
17907
31803
17338
18986
3137
16694
32351
2487
23137
7874
17205
774
30281
5581
22276
20743
4918
16502
4094
17274
2809
30229
31149
17168
16785
28795
29993
16590
26367
22139
10638
13491
2902
20393
22701
28570
14610
1377
27650
17506
2474
13579
19943
19531
26729
14238
25350
19107
30585
8803
14356
29603
19265
25852
14269
6804
28657
2212
31962
2869
27994
29880
5354
4705
15620
23671
18112
31213
26234
14854
12665
31696
13801
31414
22449
28806
16617
16522
27383
15542
11675
23796
27517
16914
28660
26848
28692
22398
29016
7667
10840
3189
22123
21781
31528
15273
22308
20013
11098
12522
23843
9515
7340
26185
23620
6220
1789
7293
6516
921
5565
21126
21443
13746
31138
24720
955
457
17052
14873
9456
13041
5644
6998
15833
17561
5425
9683
6622
1107
2018
12379
27058
219
8067
19991
15843
27220
26162
20729
4016
18388
11841
19292
19482
9763
5609
21732
5438
9152
29500
5804
11745
32293
15452
25248
17229
1100
16363
23079
2396
4722
16834
26630
23762
31515
20454
4481
24559
342
25527
25282
17733
18498
9067
31359
15560
23505
22459
30936
14116
14028
27100
21886
29523
27160
32177
24858
2670
18743
31807
30189
28099
16401
8801
7091
2857
13813
26557
8910
2960
8667
20982
31392
24540
13292
2084
18233
4084
14404
14977
31282
21
5878
12900
29400
8301
5456
7796
27022
15077
15457
28437
10860
21310
2233
22311
25388
19807
18288
17648
2119
19949
17514
26454
5467
2333
11736
4946
11472
29638
20738
7585
23227
2747
5189
31933
32514
9303
21079
18187
8898
89
31443
24918
15597
2546
7153
29052
10808
29
14740
26983
23604
30767
5515
15935
954
28335
19728
8158
14989
23143
28565
17541
28731
30139
29377
7373
7748
12858
10165
992
1918
2675
5523
16360
1720
9738
23873
26312
12446
1035
2666
31499
19677
8061
30150
21785
27271
16955
7324
11441
5048
31231
4485
22163
25722
25536
27250
2685
2278
16702
20464
17753
26252
3291
4523
7093
29973
32684
25649
4211
2599
15824
11257
17346
7305
7424
31140
3661
17032
14696
7042
23730
28569
19637
26712
24373
13631
31600
10081
25014
2863
3210
14738
24544
25267
16184
26658
10660
2380
13057
31818
11237
7835
5652
1098
12661
8577
3552
27052
12353
22662
3551
15564
30408
6519
4274
22936
19922
13395
26483
18837
25182
1385
4935
1827
3036
29370
23858
1537
17052
22692
8240
9491
23175
10690
31105
28003
22029
17934
21316
16999
25950
19784
32071
26498
26077
28828
18462
32460
30161
1919
22130
25878
28766
27610
6300
3881
26037
24938
9842
19535
25479
3174
27489
4629
8639
15203
22717
13646
26480
2166
4692
13403
15372
5528
18761
30378
14552
26702
14624
9597
3740
10377
31509
493
5023
18122
9138
23598
28114
19851
24224
4116
11596
25051
31934
10966
27382
14152
10352
7699
16264
31489
13370
9234
9908
31292
14221
14670
8864
2006
28128
20274
13210
25913
3075
7201
30728
12931
32688
11449
2205
10725
19812
6745
25811
10824
108
2784
917
21815
24899
23992
23611
17401
26139
10772
31676
6141
4538
29301
31263
27260
13447
12659
25651
24409
17381
9146
28032
24396
15295
29523
32381
15679
15972
10277
29444
19192
26262
443
7426
8441
32733
7751
24435
7588
6434
4839
30094
24483
9592
22824
14908
16263
7997
13769
975
3247
24930
31937
26609
4460
11015
22146
31706
8802
331
27264
25799
15666
25442
4845
19623
31318
1256
32199
3863
22092
628
24341
12944
5622
17521
6254
479
19009
1065
31162
22998
14085
10019
32573
32578
8492
25775
12497
4381
18455
27071
1650
27396
3645
28408
30208
3051
5397
29961
3649
21775
20535
6972
17190
13612
21438
17482
20303
5104
25072
32116
20176
4528
31777
23503
30518
28507
31444
17376
4293
12972
28964
20328
5380
23203
24418
17793
5756
14389
30976
22762
21948
16195
429
8352
10144
25545
1474
32430
4307
22360
29149
26949
14995
15046
19915
18959
9396
6180
7852
26561
14568
14576
13393
3568
9021
11404
26089
26405
5095
4847
477
15667
20032
32667
29944
5064
10509
2254
27851
20803
25603
22269
31056
27077
30346
18558
29133
16523
15296
32133
8443
13179
8129
24657
31848
1276
12838
32167
27418
6155
16843
16768
24437
12940
26070
27647
18527
14813
6132
21157
7585
7601
17382
16840
2960
25884
28733
4673
494
4586
25697
18278
10763
20021
28632
18744
2095
6199
14021
3805
19516
24668
10159
19792
5520
19867
32388
32343
11817
7175
30942
21429
268
18849
8068
27297
20455
1393
18740
21368
27637
5333
15008
16815
30242
8984
1974
30731
27248
12102
6692
17684
31385
3135
284
9159
31734
9995
28244
21643
27807
1901
1106
614
21460
16059
23014
18545
411
14572
22264
11145
29099
9203
20099
23624
21897
24908
31202
21811
2545
13780
14667
10549
31607
11229
15769
5709
15982
23426
32590
12419
24073
3384
9944
14624
9920
27302
18963
30238
28661
12727
8976
7646
10456
7661
9237
11033
11400
31736
3300
11545
8571
7047
25920
26665
26655
4958
174
23114
23745
2984
28537
30759
28847
655
248
13899
24217
16139
15123
12946
32317
26103
27396
4573
31556
25962
13147
26122
29542
10820
15173
12324
16341
21511
25357
21206
28121
23273
8675
2342
10935
23591
28893
13664
9944
155
26427
7247
13351
12689
27631
24755
9147
4055
8285
21232
9910
24851
26719
26884
13933
26457
13196
29371
18377
22269
27578
24102
19949
24230
11457
8265
20504
30116
10626
5652
5837
25732
25128
29077
13362
15329
4014
1899
27575
11645
26786
4222
15607
31632
9000
13293
5603
29279
22593
27976
28701
8209
11341
8960
23970
16062
24783
283
18604
1226
13169
27692
27351
20337
11848
8323
16258
23458
19800
20897
30072
273
7515
24047
9168
9096
14270
27311
17937
20093
16365
31794
17306
12010
17872
24139
1601
24409
12693
28933
25659
14910
7345
11665
24892
9866
15393
30594
2782
4733
16374
3645
29767
4284
19472
12970
5382
19363
28202
21808
3903
17116
13591
24545
8456
1841
19786
28913
17682
26782
18076
6509
18060
19115
26442
29737
19524
4857
12349
10491
7952
26138
30351
12326
12140
9893
13898
27161
7780
27274
627
24410
19893
23204
13895
15549
15151
12429
19396
24537
11101
18102
31595
1980
26472
28343
2373
32222
4665
483
25380
19284
22750
24608
29739
20038
559
20726
20880
17315
8625
31461
9377
6419
29114
25852
30213
6958
6358
13991
15941
21483
24170
10697
24459
11611
4759
25354
27817
11415
11617
9331
24924
22775
26897
3640
12242
9092
23511
25044
18283
25264
21684
31579
30909
13893
32663
29964
23258
26524
5319
10534
5589
6671
6016
1534
13954
24496
26593
26701
28542
1596
11270
28622
27503
12362
21617
521
5261
3784
16302
28521
30050
20136
16694
28309
5837
3799
3989
25085
32589
29295
24008
7091
14204
9005
9193
4989
30682
22565
23310
17192
25548
13492
12398
7455
30181
5047
29637
20796
355
4858
17658
21469
27901
29428
17663
23355
2780
7857
19962
18167
12775
28687
30370
9718
31811
1069
25835
20079
20250
13345
13285
15426
3996
1513
28897
10636
10564
10660
29655
5496
18781
22275
5892
11608
29636
7930
4567
19444
21743
1467
31502
801
29998
30948
13853
25494
12593
30199
20431
30460
7115
29964
3631
8260
11509
27586
14249
22077
25110
31867
21869
27750
13186
9673
29972
24065
832
1571
11654
20328
26896
2013
27419
14756
32684
2391
18176
29756
5967
21876
28125
4427
29044
77
22964
16341
27104
31783
25357
10331
12514
31395
27984
30637
31450
28213
12914
3072
18680
16343
29139
30784
12102
3327
1639
20904
15337
462
10261
31631
25508
9098
23644
25989
6045
8014
23100
28574
26724
28928
25940
26894
23089
30340
25672
23798
20077
17199
13925
8574
9844
18303
3208
23844
922
8457
18747
30292
18540
9906
11298
8504
16184
1314
19606
32721
2511
32630
10127
2119
16009
10293
17607
9597
22154
9862
14108
17897
20804
23456
31798
19619
12605
31873
32619
6331
13842
29667
17375
5840
30653
8300
31216
4318
18195
17189
977
12376
30608
12845
11636
26231
30295
9135
7086
11985
21109
9489
13974
24621
6758
4718
4910
32662
13018
8775
8261
18862
2745
22901
6811
26181
20580
31586
3143
31274
3134
19065
23382
2881
17515
11483
11189
27350
3543
2388
6225
6705
11898
28813
1916
23915
13531
26243
7827
28800
10451
24631
6365
4772
14740
18856
1463
23515
3305
10238
12782
4292
5056
11272
16493
26805
2021
18664
13848
31245
30480
8973
31991
16582
32546
27490
8855
29514
8108
31429
21933
6536
17585
16827
26365
6726
28333
24674
20858
12985
7125
31399
3503
3155
22177
7352
13405
25820
3464
17341
13414
31940
6154
24259
8169
16312
3316
23544
21679
23411
19936
5662
966
14551
27643
13882
23659
2876
18955
23948
24110
27144
8112
11204
5712
10367
16873
30067
19568
24541
21723
16064
25190
24482
19150
20060
27504
30766
21625
27832
16012
21389
9855
9077
2084
20628
14393
4380
7920
5165
24502
9487
8217
17647
28416
22463
5786
9458
13985
13088
12780
32225
4454
16218
20450
4944
23907
10178
24018
3920
1591
11272
21749
7489
1170
12721
22032
9960
30452
2504
10324
26562
14263
16081
8067
19095
5199
32511
11605
17745
2513
30375
8730
9999
10930
12019
24736
3190
4561
17627
2391
28231
1720
3153
24755
32311
14111
29628
29906
17915
10674
15272
18015
15522
19989
22204
30902
17959
20004
1516
19785
20807
1151
1264
28226
1936
15430
23284
19562
17339
7713
9105
5193
16955
28292
25596
32399
16406
305
16509
32690
31732
1534
9763
6873
19829
4824
15543
23545
18120
3848
13550
15677
5242
25525
18146
31660
3979
5546
29891
7942
13767
11354
26058
14574
31827
2593
28015
8014
12423
6605
4828
9720
23291
30045
11425
7049
22757
27145
25769
3475
8098
32130
14445
6139
24210
22650
18791
17311
29481
14951
4554
14396
25411
23172
20848
17808
20920
23065
18196
1979
8497
11261
2497
10987
14650
5465
5770
4664
8600
11182
26236
26061
26588
29722
8401
19529
824
2007
15718
21349
10898
25092
11120
19414
20695
15016
20586
7285
15250
4852
29522
20637
26557
22216
26644
26068
12502
14201
3911
7342
28214
9170
32279
20719
31391
344
25218
7408
23060
2770
30664
19524
29165
30729
7964
24986
1834
21197
28832
13285
30472
7480
22672
26299
24018
11575
5309
16891
8186
24901
9790
11443
2408
4730
2914
20289
30482
26565
21993
8376
16077
28278
29043
25477
18786
7167
11832
21842
4837
7419
25594
5674
1346
5487
16696
2782
24857
13904
6821
16040
10444
19526
20184
2063
16854
11184
4677
29962
16478
7656
14188
17000
4363
13256
18256
25199
29979
8557
32299
22212
1199
1850
96
24971
11113
19488
23473
20942
21305
27933
10418
28451
12660
26115
24701
18569
27175
6011
15016
27284
32170
20041
10100
16586
13432
20434
14919
9804
32061
4059
6237
27065
28977
29587
16314
18511
29349
17876
14947
9299
6619
16550
4557
31411
25627
20485
5782
23531
22787
29156
20595
27685
6687
22385
10858
11940
4282
11163
12097
8290
11763
8913
27190
26104
28947
14349
16368
4287
10269
15122
21430
16181
7847
5106
19679
7330
12009
24530
4233
1019
26900
19185
17294
18950
17637
19431
10420
29375
4473
9259
12068
22011
5987
18904
17694
30539
8444
7857
17130
5411
23802
6242
530
13115
20292
15881
29902
9270
17413
7924
20928
22146
30975
9900
10209
26751
28963
29235
28348
18403
9822
2699
26330
24669
3509
10359
24189
7544
8596
25990
11921
17347
26211
32332
991
25903
7515
2547
18564
29880
6552
19187
16801
15687
27503
32029
13653
16343
22017
17630
11496
15575
17168
9154
10057
27856
10514
5687
20411
11336
6020
16020
3275
7910
23937
16729
31621
3543
32403
14008
10983
1391
27081
21845
11158
30228
9994
14923
18384
23640
28328
29295
30626
13413
24376
10456
25947
15518
17826
7839
5696
19331
11124
20451
2945
15573
8060
27152
28524
14843
27797
30561
8929
24997
12993
25508
16134
4783
5752
15934
24379
24136
31296
23918
18257
25939
30334
18134
14838
9485
908
311
4980
30449
2571
13180
31900
18393
19835
13562
18940
19045
25865
29430
23385
10400
13991
20327
3929
30945
10338
23806
8063
31216
31728
7268
30812
23146
2185
7875
25092
3943
18169
12679
3264
32345
25586
30566
22018
32312
19622
4765
22942
29660
27029
17533
9014
3498
31652
9767
5110
25202
20336
24212
20610
30616
15073
31192
19245
29298
6402
17831
15980
30962
14352
22296
11146
1413
28113
7593
12701
12858
17958
10115
20664
16167
32740
31488
28002
22537
19424
10603
10311
23850
585
32519
24110
13192
16955
29778
25643
24627
12176
17546
21526
29431
17146
19825
32059
1083
24655
7246
19795
18985
10019
19508
17844
2319
12700
6534
20676
25349
13698
20155
2995
19153
15254
28255
22634
7687
24869
15962
19390
10869
22492
6261
19434
8893
6110
9242
29500
17988
30740
23899
2830
16459
8388
3383
13048
604
3174
5912
2116
7656
2739
16287
24994
24878
31230
20644
29469
15198
10951
15993
28238
11263
8590
12911
29392
16782
10981
7836
25332
27496
30153
16091
28853
8938
10290
11027
30446
12246
8681
24253
29386
3064
24986
22944
12668
10762
16426
15839
1585
9174
30282
3894
7235
5018
8269
30593
14768
7344
13366
13438
1482
26478
7702
4819
10288
5196
30357
6739
21500
27204
1998
20349
4926
17535
5216
11845
26282
813
5313
16920
3469
949
24278
32538
2566
25614
27585
16562
13682
5484
12283
4424
31016
544
14754
8013
32615
19129
2324
892
28812
24176
22460
15456
4232
29379
16684
791
20626
7775
620
23893
10521
6979
17298
4268
20477
29731
8083
23306
7934
8458
24153
5251
15989
22340
5398
7760
26690
4219
8407
17176
22277
3360
12124
27759
13713
22029
18983
20893
8861
360
6099
928
7357
16074
18343
31348
27281
28320
23403
1937
21308
18642
17274
20918
15128
22179
281
15845
30889
17369
17159
27054
30159
19229
12374
6833
28991
16804
21880
18271
29747
1551
26525
7424
20577
22160
21053
9978
14890
21071
17136
31568
21269
10764
10118
4201
14459
17413
21076
8211
27268
22298
14540
15303
8018
16687
81
30255
22139
7378
19785
17893
16573
23069
2163
1406
20461
24286
3706
13511
817
29174
32203
24398
17263
30207
5796
19492
25605
14130
24942
23266
7099
20615
3917
12778
2549
27677
18677
8687
7214
25309
24511
25272
26529
32603
5372
3360
19273
26620
27529
30306
28172
29790
14244
20627
27956
29172
24829
13424
20254
7153
2832
30810
3638
19048
6067
30879
20515
7345
14315
13563
7486
8974
32516
26463
11337
19342
11233
30704
5726
5682
7312
29267
1829
21583
8225
24616
15690
30515
6841
11476
28462
12811
12258
30340
26589
29445
26405
28783
28737
30641
32475
14939
22677
173
24896
20834
13851
26753
28617
32246
10514
8648
6328
25379
16099
24721
27373
4884
17563
29444
7167
19673
7581
3401
13451
18279
29337
3237
22220
11744
19640
30182
21356
12565
28953
13058
154
21066
4225
21499
1885
19257
8014
22277
6952
14169
27053
15339
20398
25183
14349
26287
247
24581
6100
5489
436
20747
7248
28049
976
31100
11248
25624
28487
3123
11700
1364
6971
20381
10978
24515
7493
32705
14587
5683
8969
4477
16365
23846
2573
15122
28810
26491
10699
26083
32569
1611
1028
28025
30443
18
20312
20427
14417
25359
4116
12988
31053
22253
13131
25318
22694
12706
24616
12182
23039
21400
29570
18455
24074
3850
22961
32308
27385
7858
15008
4600
22837
28577
11300
27320
14419
17006
24204
24916
68
26514
30586
32697
25291
6931
3825
22954
20788
17248
686
25281
2628
6012
5052
26032
17516
28767
579
205
18497
18842
7073
19406
3889
13625
28347
2768
14958
18157
6805
4767
30255
14955
27425
16945
7448
22799
14421
13683
12278
25285
15232
5449
30128
32297
20190
10447
22395
29677
19306
3046
19788
14715
30963
12012
28307
3804
17522
970
31526
13273
12443
31796
28795
30816
13490
15660
32539
11305
32160
11208
29779
12696
17734
14134
27693
14310
13329
1021
24479
24700
207
23685
25345
21407
17089
2778
10436
2130
10737
32685
7266
17272
4549
27292
10641
4666
8661
10163
956
17320
28922
9778
435
9635
24231
11408
24994
2298
5757
7617
2368
20691
29209
9141
5704
4429
11569
25377
21293
355
8159
7297
25610
17428
29500
24158
16343
19648
1073
11468
18915
25302
26762
16952
8062
2220
19020
19808
28150
18862
3401
20643
25798
13243
29425
1659
6153
32716
12395
28488
26421
11735
10981
27727
15365
6131
20008
3074
13751
16572
12655
27522
5240
24825
32377
20834
31005
30844
20189
26030
19731
26186
29598
11051
26265
19452
23295
7649
15660
16485
2200
6871
16963
5493
21418
29982
12861
13661
24496
23568
29080
23284
822
30426
19043
10586
4334
22840
7670
26331
14081
13696
24288
24342
26787
28642
26401
12382
1514
30446
32410
2144
13792
1366
9665
5126
9943
12534
30873
9884
10492
27409
15842
23602
22319
21982
30348
15169
16914
4931
370
6545
20832
28896
10053
18521
20353
5455
8902
19369
21339
4778
31033
8453
31850
590
14102
22866
13587
3551
25857
2551
28469
2445
18684
22844
3842
917
18396
10741
30733
27914
31481
10853
28835
16341
20010
19037
20319
17915
14833
23716
9977
26142
28146
26523
25695
6471
32682
26913
4871
28130
29021
4533
15235
15370
9552
15066
4182
28423
4409
7360
23814
2069
17908
1824
27506
15975
8055
8552
21350
24684
12552
30232
26733
23121
16814
19820
14822
1479
27877
6971
22874
9990
15253
1055
23309
15122
18757
15830
17619
31549
18828
20200
24357
14829
457
29066
7284
31903
2836
7619
2749
30508
28789
32461
862
19531
32083
22462
3368
14168
20527
7016
9397
852
1426
15229
24316
29484
3907
29431
6690
32574
3006
4022
12436
3097
12770
32619
25170
32388
9450
9142
26766
20675
17566
12683
26485
3349
19914
8154
12877
20865
24304
26991
5568
16594
13626
9751
7287
1249
13746
16132
491
17938
5813
17010
18296
15393
15781
6795
8116
15391
9439
11144
9214
26551
24045
7450
2138
25014
1020
21256
16764
11211
12944
22809
20770
4490
21622
17972
11431
17591
24315
23238
29141
3778
19803
24164
24060
15246
28796
178
15168
8566
26332
16771
14391
27282
20680
9281
23988
822
5328
12944
5853
20924
18551
4654
32644
7044
4399
12829
27828
15160
4484
21253
25481
3157
13975
28372
29253
12263
31182
17319
8097
3732
27338
1517
25697
15323
5529
32201
25387
7838
6445
5049
21145
734
525
4214
19853
30919
15691
5147
32197
9452
14262
2184
21679
26067
32080
4873
18046
29364
27907
18739
15229
22398
21647
11535
11171
29211
2247
13435
6248
21749
19965
24524
22744
12985
9403
9144
27622
14171
20148
10868
17666
29274
8185
12313
18158
13893
28784
32332
24781
4478
16771
19230
381
17470
27669
32561
21798
22489
27322
10013
275
15171
5159
5137
20929
2259
23015
28606
3894
22856
24400
18288
27540
18442
31926
21118
16366
3250
734
30693
2906
19915
21173
22320
26696
4314
7490
22683
27666
27549
24538
2167
9428
23185
28819
16848
10621
24758
12027
27726
28710
21654
11529
20825
24227
32388
25683
19584
18776
27682
19330
23324
21582
7462
24579
20272
27271
27997
30720
10644
16270
24560
28815
24403
3921
12262
3113
3665
4147
18922
5469
25905
19294
4942
6597
17013
20310
8785
20794
20199
28884
19357
1348
5944
3537
10516
3284
26856
1761
32204
12342
30309
25282
7000
2369
1655
20533
11338
13265
13019
31244
2037
25207
31279
24965
29560
11118
10510
13014
29688
8657
24187
18441
5676
3852
12163
19978
20255
24721
11806
16383
23089
7628
22359
11479
14431
31320
11436
31526
13509
22643
31928
7984
4705
20399
7951
30531
18202
3051
10090
16971
26625
6274
21508
25760
10966
27586
15171
28450
8398
18080
31899
7304
3731
15529
30896
14581
1421
30780
21690
10188
8800
3831
19758
31686
5302
31343
7067
21826
21566
2340
29649
31452
9973
23476
23625
24640
23716
16974
26049
3905
25513
3690
1575
10021
6907
11447
6840
26179
1385
6997
21865
29137
16930
4165
6534
20471
28282
25630
2969
18471
21739
5377
22669
7601
3418
30158
30739
22674
29340
23960
28229
4237
4409
27479
20617
28286
29552
12765
4537
22506
28283
24588
22913
30938
21780
14661
27400
8170
13111
29219
24274
8349
30506
17770
13285
12275
11195
21818
31786
28478
10185
11401
10263
6449
22277
29904
13707
1338
32762
13315
17913
29970
11083
9927
24521
24722
4156
2784
24315
13256
10868
28136
22798
13130
23810
21575
30752
31434
18077
19551
4438
18923
11056
16903
31358
4947
5782
9787
25331
513
7329
16145
13249
26849
23138
13295
15114
20638
7332
10748
9897
6072
20410
1236
4628
22742
7291
8064
11143
2909
22154
4517
13407
4673
8155
21755
24772
11548
25970
24321
23178
32637
6510
752
27481
8834
20039
12269
4620
29865
5972
24450
1880
7139
21136
18511
30126
28138
16285
10493
26722
13013
2057
16244
13836
30186
7377
16462
27183
22707
3363
25227
29208
7252
14952
21382
4361
21787
3458
10023
24471
31833
4434
6235
23121
21616
5758
11713
17314
21294
17521
5799
23801
1625
15267
21556
15142
9867
11546
742
14856
19520
2865
22592
21349
31534
14232
10428
23833
30677
21148
2567
29299
6998
4008
25965
3292
6536
13068
3730
4025
27977
7422
12900
19347
24338
1502
12877
15477
22991
20415
16301
1942
493
4386
19335
31800
17076
15620
7803
7120
17879
3100
11508
28007
2377
2910
31650
8256
1875
29635
10283
16827
9444
12108
27165
2681
23080
12101
8232
1729
18779
30663
15754
7715
14304
1152
11210
15963
7565
27318
29865
11640
15946
23690
18518
18237
474
29050
13281
10695
32248
22570
7154
5488
26278
21860
20411
1012
22722
13405
18475
15058
13018
3130
26468
23797
28737
32466
19568
16276
14946
21686
3887
1623
9301
6767
30868
19131
17584
8966
2833
21175
8608
5066
28496
6816
9016
23885
6436
13898
8
17840
14527
19824
22514
26656
19493
14165
28985
19873
25825
31148
19419
778
30198
11957
32545
20561
15896
5802
5492
29961
8732
22617
23154
3625
2990
13586
20289
2319
8258
13251
14627
18373
25677
1890
32331
23170
7860
13451
17648
29300
4228
14955
2207
29116
21733
17116
6613
15547
32073
7633
15309
12428
15849
3061
21655
25297
15986
7311
25450
3763
25339
8873
12603
21284
8507
1393
28558
9831
13817
28639
14733
8915
20163
9112
11095
4308
31715
29459
922
21042
32399
9978
868
4758
18272
21203
54
24906
14598
23775
23643
6208
825
15682
22903
13398
10738
14437
31075
728
3292
6297
24888
18502
773
11005
29354
17496
24282
929
3992
14144
28242
19691
15328
19503
19305
9786
4472
3354
4304
21962
15035
17342
18147
20952
26368
27618
7387
25862
28017
6876
16965
29184
4635
86
29875
6752
8513
25682
5553
19663
21750
18028
23802
32365
14571
607
31468
4980
133
7627
16186
15128
818
9014
6113
17073
21246
11856
31837
9243
8545
3451
6428
21341
26203
7306
20275
3978
32195
15561
23632
15077
11997
3646
16111
32328
21034
20015
10961
15303
2436
32485
8618
5264
15978
15535
1051
1557
23192
25641
11999
25198
28378
28093
30793
10232
15395
8811
8686
31811
21209
3526
4767
20011
15476
20799
27802
25412
25415
15526
21504
21628
11421
20462
31114
15867
30984
2609
15736
9806
32502
10739
32459
24773
13189
17067
27316
28441
13721
19328
24652
9810
28459
2896
15493
6888
24804
1526
8801
6185
19434
20173
4962
9946
11770
25712
27713
26401
17335
31172
6627
16803
1345
20537
6792
13289
20746
1868
8006
15368
14565
1361
25014
10113
9568
23919
493
18790
17236
22252
173
23486
28602
31146
10717
4139
5568
17394
823
5066
13085
28017
4929
2651
30369
23424
5246
17570
11536
10921
26853
13836
28720
29030
24978
28054
19489
8235
11964
5611
20205
8871
3047
16588
13920
9800
31834
437
12314
10749
11220
7102
24546
15167
18299
18111
8253
1106
25365
20407
12607
4040
15994
6255
18850
25928
32585
14938
15893
25485
13019
20672
13014
31665
11381
11803
2947
12716
5058
194
3374
1560
14208
10948
26287
11575
30841
20759
4926
14134
24757
26098
19265
3507
15086
12919
30562
27262
15940
9109
23013
11164
8754
24109
25144
10386
11969
24179
24268
27872
7419
9880
292
31691
23459
16550
26668
351
3107
6059
9419
5301
19398
27673
27835
28530
7463
26477
28569
16016
1514
4879
568
28769
13481
13945
5179
9168
17201
24732
9187
7403
26863
8319
9253
25246
12709
12586
2304
27073
3169
7362
28173
29014
18096
6901
2904
29707
18447
11929
27758
21255
8610
18063
7607
7650
17961
26094
17414
7157
32303
5981
21103
31445
27780
12225
21081
17946
14062
9241
29139
3173
10012
30373
19500
21921
22491
32590
8381
20104
17037
4930
27658
19817
16598
20447
5898
5161
22168
3282
12482
29577
22562
14720
26137
13222
16548
10661
11239
26054
19686
5434
20303
849
11834
20381
24655
32286
27056
31212
10901
9712
14216
13489
12436
1857
30445
5317
23768
10046
2528
24430
23958
16658
11634
20939
24200
26727
8758
30578
5367
13610
14582
21591
21018
23695
6053
26096
3998
23382
19093
16278
10886
5452
30186
17967
16437
3604
15183
20234
25033
7975
10215
9738
4523
20250
16006
16135
16228
11808
29218
5745
13747
23503
9348
1334
11996
6695
32067
3046
834
4560
11507
22806
9784
11171
28826
3842
25877
9068
26979
3190
7302
14318
7319
15598
22569
7208
12232
13308
4183
3543
13648
6122
31297
13628
7418
8096
7742
12831
7422
10185
10339
31252
10035
9010
10069
27645
16000
27250
11611
15568
16531
11984
1975
8603
30678
5217
55
23237
2463
14193
23815
1174
5288
8484
4809
20729
5054
28509
23783
3713
22717
13279
12328
8363
13243
20147
15234
19811
6788
18377
27440
969
25671
27618
8708
52
28046
12460
7421
29047
14451
9263
13596
868
23825
27497
29556
29327
24122
5173
11137
3413
13928
15986
4026
17948
12533
24672
29801
15067
25486
10829
13499
21982
23525
19826
28179
27587
21926
10776
1444
31433
3245
10495
11327
28490
32630
17407
21609
4485
13780
496
20145
161
24550
27080
65
24303
24903
12547
26546
4976
7302
10568
25637
17559
4822
12617
29327
28751
11270
11499
21844
17728
15027
18599
23064
8526
4284
3119
12753
22883
14326
85
3873
11887
8993
27689
32484
5037
27419
28002
12037
10791
27732
28672
6037
5500
22658
18735
14878
3553
4246
31085
27444
21350
23278
23023
23118
26235
18892
14657
19412
10674
26119
11054
14713
20678
29184
4063
19659
16605
22744
5703
26632
17930
7648
15806
12596
16918
24657
6891
21352
14464
18238
25576
27245
23490
27078
1953
19594
32726
1934
21629
9881
5625
9583
29249
7776
5551
25195
13105
28447
30471
6374
120
13414
8736
8210
26057
22313
30700
16812
71
20758
22580
14310
21666
14886
18652
18340
20611
21619
8809
19178
31531
2633
26048
16277
6487
4735
7984
11850
18534
12040
31411
32173
21693
14789
28017
1491
20331
29597
6278
30713
9993
18896
18693
28278
18404
1416
14653
14574
1887
6578
30523
14537
24210
779
5264
25059
14391
28286
852
13189
21959
6573
17514
15765
4064
8654
19206
1545
30186
13496
14701
25249
4346
22589
23292
6870
19958
15291
32620
26126
21243
18414
6996
6673
17403
24840
20975
7616
15019
3844
19488
29701
30108
55
179
29446
679
6696
20966
31646
26767
3233
9256
17677
5090
6918
21024
4334
2848
4070
8689
23402
11807
3792
8125
23468
1198
14440
360
26772
24697
21689
30622
5552
22061
30669
4119
7272
20956
21627
3353
25976
19106
12673
22079
18084
22921
13523
26234
18598
14250
31026
23381
2412
26517
8703
2429
3712
3571
24914
14976
7112
15722
9287
30677
25199
14785
22936
1821
7203
30277
1649
31656
26241
21355
7551
315
29389
24502
19531
17424
24039
8155
12998
6687
17530
8740
14628
20892
26487
24850
30702
18625
29890
14662
26195
13005
18475
30369
17088
11853
14495
15531
27056
4250
17823
20017
3780
2723
14578
30771
3094
2796
4247
9213
15307
215
17662
21651
4071
25891
16248
4946
23653
11186
5355
4053
1928
655
22730
30486
5228
559
7236
17877
15328
13047
28092
6718
1912
3071
27770
18630
8925
20246
17568
14422
22376
26118
10079
18859
26095
9497
4970
19965
13023
5851
427
20702
30859
13602
18998
14694
29636
13132
21883
1677
16042
15816
28095
10968
19905
21208
17613
19256
17224
6292
488
25903
3270
21555
27653
8244
32485
26246
1079
20057
25475
29125
9323
24619
11783
3214
30293
20441
18929
9771
22186
18329
14262
20
30864
1864
27594
24756
23891
19792
9214
25456
29785
18127
9996
2534
30552
19190
8816
29298
22214
26031
6778
22519
19089
30082
8354
16092
23313
24761
17435
29524
30267
9666
28843
15587
25879
19158
12217
27422
13684
28888
32680
8114
27610
3456
13667
31143
4544
4280
7225
1510
29695
31046
18412
6393
9607
7340
19716
30227
6736
9804
21353
26448
28308
4560
14129
11069
11836
9417
11191
23451
12440
11158
5357
12640
23634
32136
2803
18943
26533
3140
15336
20969
26826
616
8192
14420
19123
13681
13270
20539
31228
28380
11524
678
24095
20619
23794
30251
29415
22635
13803
20405
5671
18260
9846
28804
23979
28464
16099
21877
2415
11360
21796
31620
26127
3675
6878
28047
13183
29592
22976
24413
25596
7343
18964
31198
18242
31419
14227
15540
30208
15618
26750
6387
4489
25048
31466
10533
11212
20160
11356
10898
27526
13269
16277
7102
16566
15976
29871
9266
15698
24299
18281
10623
26168
9741
26560
13697
4199
32039
8383
4577
7791
15831
8599
15581
12838
27882
23794
6988
9885
7296
29317
3036
26194
14698
22244
16287
29095
18391
11675
31686
10643
21296
2426
10412
12952
5440
1840
21014
1013
6296
30236
31929
30492
23090
863
29948
27494
11860
6966
31488
20998
27831
29831
28637
13884
10217
31417
26671
5579
29680
2505
18386
7596
48
12442
19177
7940
2191
28045
8229
20564
25046
6482
30788
12015
9562
29694
11991
5298
16349
2141
28745
21999
26543
22921
285
31658
15896
3771
2679
28168
8187
4450
4062
8964
27059
20850
29248
9572
12865
9215
9270
2027
16809
28682
29578
6353
18073
7579
3063
26992
3916
31504
5935
32320
18862
3252
7715
15109
3777
31379
3966
24391
15679
4237
3954
9987
26497
1194
29880
25504
22687
30637
5842
8484
29913
25580
20884
11176
31029
28254
25058
2314
24170
19958
32699
15073
25341
15663
22903
23734
170
10729
21580
29297
20741
6003
13847
31505
9569
26345
7257
7072
22001
31168
25728
30310
3117
25247
26985
606
3191
6256
14882
30438
17151
24504
11764
8122
6116
24099
31137
11555
20124
3172
10730
21612
29845
31291
10068
21654
8988
6359
10028
13133
6271
32607
11721
17946
27758
24012
1553
23513
25511
4601
21055
6766
9939
4861
6627
25780
24746
9912
31017
23734
1886
5548
21855
22050
21815
20750
15026
19706
13434
16157
18232
13453
8848
8627
18228
12966
20068
19226
26261
6915
30221
5408
7103
16136
18349
20078
12174
26037
18841
4629
1688
32726
3514
15722
4019
27769
13363
30740
31672
24997
323
611
8838
19785
2669
15844
14665
17011
16087
9266
15868
18114
20209
8206
15404
5150
14166
31922
20223
8870
29431
24419
1142
3818
6262
32582
1519
12379
26320
3956
10734
29696
1343
3920
21276
20330
31327
29977
16528
24553
7823
26299
13134
2560
3482
29931
3341
11543
23447
3186
19518
16240
4365
4553
2377
26204
12891
23271
22810
24239
22103
31575
14556
18801
4150
5773
26372
12502
12460
11386
19858
22896
8787
5214
24979
13220
25937
6622
7147
347
28214
28758
28497
1017
27683
28784
24475
18067
14897
21494
7740
22621
16
25572
20491
2913
17903
19650
24646
2935
32668
3376
1238
24945
21229
12995
22484
13974
7518
22799
10829
27730
31995
7941
29762
23595
24705
1664
1523
21495
25280
29210
24158
8780
30019
13636
19202
18233
7731
27286
13544
7475
19833
1123
16100
3666
3363
19345
6425
10686
4361
16551
11707
11620
27056
4904
2841
22509
24174
8992
11994
5872
13007
16636
5766
25958
23352
8094
14665
28255
25802
11441
20212
18420
5257
17210
2117
23165
446
27760
7272
18436
12186
8910
20413
26617
27163
19302
22492
11046
27188
22904
16599
31718
1320
20547
14271
28306
27447
5915
24169
22077
14716
21436
3185
4513
25366
16094
8576
9304
13702
9994
19659
28752
31832
5547
28124
9081
2054
19048
29333
11712
7193
177
22130
21313
2193
13208
9998
11960
29319
21475
12777
14393
4113
9311
16232
9250
23398
12407
32541
11853
322
4356
2377
9610
3724
29543
6559
19276
8503
5846
26443
23458
8294
13299
15923
20841
16339
675
15741
15041
21105
21021
24401
12733
12368
26433
11744
19807
13249
5420
18853
7875
4540
17417
9450
3738
4478
23081
6287
11994
26486
15191
13831
21684
14178
21093
31395
3783
438
22795
18451
19347
61
20978
17962
17456
13826
26891
4577
32575
13937
11813
23967
34
26554
23999
26295
30312
17526
11290
25650
395
24717
18067
21200
23774
13655
32560
16969
1985
30977
22137
2008
15895
1331
22409
31226
21754
4335
31332
6516
20397
16829
139
19347
16593
22533
32718
2487
19420
31420
3938
10771
23240
26178
19251
9646
23560
651
8571
32685
7360
9342
7828
12757
4917
32410
11019
16972
11651
1247
28661
26271
30862
18412
21894
22537
13114
2917
20447
15603
8671
7063
28200
19383
13815
9823
24543
2729
24090
6983
25711
20824
4653
22259
22789
28433
28630
7612
22687
6821
31538
10650
8806
3948
22475
20295
14909
31626
3524
32417
30618
9073
12119
8785
30356
24232
29314
8874
7998
20938
4860
4051
14132
2513
4206
14121
12659
23700
7392
10207
12398
12943
20337
27367
28254
7651
28492
29206
32729
25245
27351
643
9382
21563
20270
7728
6864
11373
21455
12524
10233
16152
20119
1143
19697
12192
9197
16360
22407
2919
1853
30284
18079
28049
8104
2192
13445
4107
25849
24225
15233
28107
18651
15313
2220
23129
74
12925
4353
12942
328
31468
7351
2715
2257
12667
7375
32078
15632
16375
32489
145
16339
30283
29531
25396
17725
5723
22916
22508
698
22319
18014
12699
2616
9044
22867
13521
26005
5759
21330
8851
1619
32372
9249
24668
23955
25382
25077
24930
12353
23072
24384
13594
31628
10531
21194
24318
32153
31761
17923
23438
13944
12809
15768
30357
30039
1492
20548
22189
17909
5504
8169
25093
21082
3402
26847
24674
3270
31170
7051
32356
13799
1321
13364
5643
4942
9246
17683
24697
27172
30074
26281
29946
4633
22904
598
14657
13470
1049
11046
9973
3156
3782
30958
2668
14532
19767
6552
7862
31312
27029
3259
10973
27241
3035
15727
1131
1027
4226
28255
6957
4166
4701
11295
29239
19335
19394
14784
10792
22134
4842
11170
175
18329
30106
9354
26958
28921
14339
26868
9054
11803
15080
15531
29012
20017
3326
16022
21826
28306
11160
14037
30369
22888
13955
2829
5453
15528
6959
19711
11729
19784
31504
5984
13029
10924
20804
11492
53
5729
7030
3485
27236
21517
2562
30339
4177
17830
31578
32596
20889
6115
18088
19102
3677
4848
6581
31769
5189
25446
28169
26939
23748
28538
22868
14343
158
3189
15628
24614
1192
10340
6488
16952
25551
15376
1837
18796
31324
6448
7606
19278
13943
26846
18170
6625
12777
28232
18361
31726
6438
25000
32406
32667
906
30582
7804
23359
8419
26587
26682
20597
24624
2666
10096
17776
29608
23051
30383
2190
22014
30007
3804
29231
13540
28267
9685
22727
25806
214
8279
2866
16888
32085
6944
17736
8874
930
3920
21170
16059
23497
5653
21500
12372
987
3975
23018
29174
17893
12497
19216
32190
27171
15762
18333
29160
22898
28803
32632
24211
17412
22361
11918
8387
8279
9709
13162
28332
5736
17562
29702
31022
11044
7654
1248
18076
16415
28517
18001
10945
15240
8667
27674
37
27741
27809
9024
1676
32475
18506
18971
2752
5433
29829
28329
15248
22677
5445
1832
20505
5679
11040
6371
25412
15573
27381
16716
10384
20126
14546
21835
24082
6875
18965
2774
8122
21579
13009
24770
32727
22414
25203
14552
2269
13788
21413
22572
3174
22519
29554
16810
25464
19806
939
7922
1030
7108
31882
11110
4025
8896
12694
21888
16368
26566
15814
2666
21253
24150
31465
24520
24274
115
2117
4056
11379
19287
9343
31678
334
29797
24251
10265
31057
27231
25347
26586
22139
30425
26093
10582
27038
5102
29560
6554
30819
18993
9528
4606
17550
10982
947
1021
6275
14963
5898
22339
32009
24337
27356
28168
31823
10183
2407
17309
5677
32665
12784
22852
18859
8445
20069
25925
22471
23950
27714
30782
9075
3588
15537
3259
21214
15972
24565
13574
5620
27252
8
23361
13864
24178
32387
18353
21361
4101
14783
24925
29330
884
11578
23768
16543
4374
28988
19803
12221
7946
23994
19478
20777
8999
21626
10696
4220
310
30328
24206
13357
6495
18569
11256
18263
6882
2878
9570
20668
28424
18955
4738
31499
20568
26024
24637
4702
25101
7608
5055
31495
23496
23977
29642
1420
7555
20699
23630
17392
16326
516
28731
17460
29725
2515
7571
21534
18889
4307
10179
12857
10934
10387
11315
20509
9389
16388
21788
2544
21195
14114
11930
30509
31538
21974
20994
14500
13566
10779
23413
26563
10875
4449
23989
2835
19349
28974
18488
13317
1167
25355
29563
10735
19704
22430
18329
18002
8923
29972
12572
26206
17975
13506
22547
5560
18606
1035
19813
22138
17793
27780
8804
10876
21948
1878
7845
16850
5294
16356
2064
29333
18588
10670
12595
24039
951
28021
16859
26161
20810
4513
28134
23215
17208
8671
3667
31791
29606
31246
20635
16149
20213
14428
28740
28323
14835
6828
11955
5495
26706
19260
32066
20309
30553
24708
3474
26663
8409
5217
15395
27714
6755
30322
2337
3563
29880
7618
4993
1050
3969
7592
19021
18046
30016
16876
18492
19136
13191
22059
3462
9996
872
31869
3062
15822
22060
22356
14657
22201
6727
2728
7062
18702
19596
22609
1142
6939
10654
23476
28102
15106
5031
10401
11555
13499
76
20860
29045
2396
736
6299
16071
2968
18135
20720
23638
25990
3710
12776
26855
11172
2538
8850
2398
8476
6702
16388
25997
4422
21714
8955
26442
25197
23424
10433
28612
17878
23551
17236
30487
10494
19558
5316
18973
19492
14217
23005
23175
8711
11704
26630
21805
23793
11689
17001
29347
19700
6578
2644
13837
29556
3387
20191
3636
28646
9844
32720
3289
10710
6211
1979
10313
23599
6273
20846
15153
26039
32357
15500
14004
729
9536
17783
15035
21671
26475
25715
2188
22815
17790
26633
927
14509
3523
20138
13484
3314
6123
25493
777
1220
26879
8955
6195
2422
21401
10592
8619
18777
26707
12868
25859
19330
19072
27139
23096
28878
15642
5882
16450
1572
31740
24043
24554
19450
13649
9634
28892
5915
14157
24025
21757
28327
9755
11610
7678
19291
19990
19299
4402
23570
26171
2126
7580
29580
22238
18801
30797
879
22685
31812
21229
18571
32659
17601
24727
3170
1742
27409
7402
8168
28674
19556
2396
29575
19326
21281
21714
28774
15456
14911
8558
30443
3333
8178
23720
9855
26564
11147
23969
21137
2012
19097
15795
18653
30378
18773
8013
19694
10528
19005
22270
27873
4466
24830
10959
4973
30994
21655
7126
31520
14047
19644
28168
26347
5530
28280
25167
17377
32409
11287
22237
6204
15551
19523
16831
25505
27563
27757
14773
21669
26416
623
321
30607
20229
8559
18430
16991
29374
1542
5683
8720
14843
11681
5800
27931
23776
32040
12984
24380
197
15070
13480
632
3374
24457
25655
10591
19709
722
20854
24207
12262
26350
16858
28025
16420
26494
29584
26728
8298
20404
11024
20415
9757
23480
16117
16001
25536
26954
5644
16407
14256
7080
19371
13134
13073
30386
28228
24224
27912
13644
3129
6580
5674
24324
754
12328
24629
24821
17454
24973
3582
11754
1430
8883
16299
10695
3736
1063
20258
25637
6258
25083
20674
26173
29837
16581
3152
6151
27917
31722
564
163
5030
10525
20709
26103
29361
21794
3746
3994
21631
32216
27491
12528
5357
28022
12047
16023
12600
23317
26607
13058
2579
29807
23907
1636
3063
13542
6867
24016
12731
11720
9961
13726
5476
9169
15101
2832
830
9713
3793
18742
17196
336
3199
32014
3132
13968
175
5360
22142
21586
6925
12073
32535
23291
21243
15335
29329
3512
1154
30293
20853
21695
22927
30982
17180
5336
21340
29079
27330
8220
2092
14224
13020
9213
26939
19084
25259
14471
9461
31642
12818
29926
31078
17890
20389
11559
2802
6796
3330
15683
4934
9181
9572
1369
31886
17315
21109
31547
15592
20692
9060
29996
1561
22642
19000
4584
7552
26033
21348
25061
28744
5468
31643
13785
14305
30837
6117
13948
17072
2588
17395
10639
13573
15537
19119
2077
22094
25149
32024
18945
16011
29710
27469
2728
30722
32162
13287
27416
26932
11975
23948
21809
6927
22783
28354
1075
12133
23593
14336
30337
7069
18014
1035
11429
31657
11034
8832
22931
4408
30108
172
26674
17196
14991
17572
31256
12622
19689
7826
17301
12352
6676
17486
26868
16820
4428
19246
16637
23772
6728
21534
8383
6945
24348
15859
5260
7448
27998
20988
10820
15282
29319
7898
12503
22963
6045
30098
4357
26981
16399
15585
9064
31373
12257
3792
10165
25758
23816
21639
16703
24877
28696
21606
7356
10917
14364
26194
9036
29500
5573
16973
24247
18469
8648
7498
29430
13575
4737
2111
20726
15279
9436
17787
1688
29698
3189
2106
20476
26677
12030
21111
19967
320
12002
25857
1538
6031
2343
30161
3822
31739
19097
8347
3956
3322
8229
17827
29082
11282
18051
19154
28531
10132
7448
29449
23853
27782
24602
16309
21586
5345
19957
4260
9287
9725
15341
30231
11289
4937
24069
26904
376
22847
17952
24077
2308
17559
24167
25998
25544
14779
25322
20340
22020
4220
7818
1074
2864
22531
28438
2153
23357
5898
21684
24246
29982
23628
4227
15311
4743
13113
5758
16590
6389
20719
22180
12236
19438
3430
8534
20146
29834
31978
11008
27724
8754
15823
29435
15263
26792
20064
4530
31101
16199
32536
12804
4182
25997
21781
14826
11857
28886
28873
26202
411
26474
19699
24171
3839
3258
27085
441
22200
17127
14471
30219
15235
9604
23285
14387
24568
16797
2949
13366
28185
3832
16755
10413
32044
3738
25920
22891
2502
12941
10592
21856
13353
29409
23347
21437
14543
13297
16438
27737
22343
25064
21371
12116
6976
25987
30550
24570
15332
22040
28506
22250
1383
3287
13955
20343
223
32080
1461
9294
20054
30517
7781
16217
25885
13665
11670
16612
11876
24090
23304
8703
11784
22675
22700
22051
11692
7093
1626
12312
7691
23071
32198
3605
8844
12140
6833
4394
31512
12980
21340
25563
16424
4693
30018
21518
9506
7411
6662
17447
13541
23485
26795
14193
15522
8690
30467
32192
22767
13732
24426
16980
22806
30141
24244
513
27827
8511
3683
11405
20350
9168
3869
30042
26469
2933
14174
5956
2270
2974
6763
4045
21883
12643
31623
5496
26814
11533
360
19826
18224
21720
15852
1143
17325
17655
24073
28404
20226
16601
5634
13417
26042
14763
7649
18962
4148
7710
21025
24774
10489
22378
19627
27167
23885
6035
2564
30939
7172
23786
28356
130
26263
20184
16714
14409
14455
22487
27566
9527
30881
8385
6647
3974
10611
20813
2190
26444
19134
14806
5875
23643
8732
19039
29359
11621
23940
31445
28298
29284
17435
2195
23037
26168
26957
11564
27882
29586
5661
12900
7051
2322
23737
1919
26281
30892
2642
15295
31758
26192
27434
552
15164
2506
5359
8838
29279
18407
11079
31665
26497
26329
21164
31504
509
25052
17786
11612
10294
8218
16198
19622
9608
4812
12914
28572
11391
32419
31742
15880
18759
29798
2465
20121
22628
15580
9753
4582
21923
15340
24511
28336
5969
3843
15710
29543
18858
27318
13637
16624
16020
31657
6811
4774
25998
20143
29939
1951
32739
1074
30240
4400
25891
21206
587
10931
27603
7513
32323
16007
19044
8126
22547
23641
1122
30634
32218
9378
14318
3086
14039
3441
24430
6150
4804
25707
23427
23809
25445
12816
22844
16419
29792
25152
26761
22247
30031
22013
22258
9993
18964
17010
8840
7587
13676
308
6428
406
4552
13769
30640
25899
3160
27751
7723
23290
5736
5629
11089
29195
239
1400
5361
15676
30309
21055
4192
27106
18134
17407
24359
10675
14901
11182
21497
29668
23794
19914
9192
24974
31438
16866
22488
10582
15343
27480
29235
32333
6191
28517
7390
22037
5306
19549
29548
23110
32728
30261
15762
2319
7943
7234
11739
18721
845
31811
30877
29896
30668
26274
22316
8283
16023
22519
19277
8151
4036
19406
14062
4039
3779
11434
7188
25959
10734
1354
6420
18952
6240
22314
29958
17846
27147
14925
20599
32025
24069
10810
20062
1689
29475
9285
18769
6853
26313
31503
26873
9206
5632
848
11204
28975
29897
32212
14553
4168
4018
25284
3665
4940
19366
29223
24484
17695
22537
11688
14433
4452
1797
8090
14115
9117
30
4921
29888
404
269
8755
27587
9467
8395
15207
29725
22607
18668
1772
10007
23298
22830
19285
16267
4312
10578
14387
19028
16530
23850
14812
15107
9674
16116
14955
14547
23070
5094
29704
14304
22928
7946
14442
12947
9773
17996
20889
5985
20205
3538
24569
16053
24027
23947
22916
32042
29045
17675
3671
9726
1366
12694
22128
4548
11794
19066
19638
32088
19554
26530
15161
21784
31617
22121
7356
16465
16085
24748
22385
248
13010
18979
5379
31643
17692
14321
23513
31638
14315
13945
19866
1930
29876
20852
12012
23051
29190
29248
7298
21145
12466
30843
4437
29394
5166
16593
8753
15333
6715
3602
4724
74
13766
2184
9747
32177
20748
18311
21725
21304
15106
6469
17156
10208
1012
31980
8921
5442
3436
750
25559
10878
20821
1945
21219
7029
9312
31723
4050
28728
30631
12455
31788
18623
23953
22440
1839
2271
22005
12150
31511
118
9602
3351
12189
25577
15454
14376
17854
10448
28685
19756
20669
6895
3221
6691
4203
15721
223
10591
8358
19504
10849
28307
16928
29120
1018
18989
8290
1293
15389
22245
14608
25529
30258
13718
18542
15499
15161
19277
24355
24093
23985
9632
1341
24020
21688
31042
3702
11029
21107
28372
949
25270
6576
12797
17880
30387
22218
30396
19889
32291
32717
26877
11598
16746
32731
14955
13950
22191
12751
17030
27280
25233
28191
25845
5982
20757
12295
12829
17803
6883
5604
30194
23560
27315
16606
10509
7389
14082
22473
30720
24358
9225
12621
21734
10843
16879
26949
18238
5845
31550
25958
28153
6030
18324
3361
26577
4393
30363
14538
5597
25138
10042
7161
27746
16550
16141
12081
17901
4278
30227
23743
27806
6344
19111
29925
19911
14015
29106
11576
2998
31356
5918
12103
25038
18852
654
31357
3805
28836
29772
7497
14761
17651
20098
2427
972
15511
24238
2034
16066
7915
23376
3956
30529
12959
27109
733
19144
3328
16665
6780
15227
26234
15161
31930
30254
6235
27879
18940
16064
10201
5137
8139
30378
599
29476
22323
29143
20196
27772
616
3511
30981
29216
28080
16015
22708
7596
10108
1811
7080
1166
21464
3638
21463
7285
20230
18241
20282
17415
25446
24610
7376
17363
5786
27143
25317
23430
20966
28716
27284
12129
27101
28913
1163
10730
18746
27952
11022
9698
17164
461
1343
29816
20502
16271
12188
5052
15221
13614
28105
10582
643
24493
10640
5496
27644
29929
25382
12817
6751
15475
30383
4676
7575
27291
23301
22040
18395
12749
15797
26225
18899
32289
8267
11583
23036
3885
23248
7669
27469
25630
10128
8765
14107
11783
7201
16105
7738
15480
13216
1325
9573
6227
20030
9228
4319
16603
18939
11793
25435
16142
6322
26431
17434
821
30550
12106
4179
16569
10875
23560
7127
15416
25624
6178
25845
16344
13963
6671
16283
10715
14557
18243
15295
18804
16456
6051
19197
32217
21238
19773
27010
19354
14348
21558
20008
23601
18663
24323
26082
7130
26533
4828
7771
27045
16104
22638
17370
3529
11990
9425
30313
27195
2917
20153
31286
6527
4053
17392
26425
28607
11134
13060
31767
4634
3019
32061
6215
6206
1927
1233
8563
27705
20311
11099
22561
23692
1928
5258
24466
5249
12043
278
31978
28351
30654
22009
20882
22044
29678
9179
5339
10418
15641
17102
4324
20789
30712
22075
26301
2692
22972
19740
24012
381
4761
12908
17008
18710
16769
25052
6117
21673
21810
29896
8552
27792
32370
31593
1691
20722
6041
22092
5930
32476
9553
17411
29103
19348
21658
30490
4563
18986
6673
18509
2486
12111
22129
22775
27282
10090
9306
14798
8347
21225
13137
27086
17961
23765
21513
16755
12824
24490
6624
7723
17775
3173
13741
25099
15425
18398
28089
7105
1489
12888
22283
27338
26617
19799
13289
29669
29133
13234
7067
31175
379
6120
20338
28176
24950
31927
24841
3710
16595
23531
3531
25184
2803
12149
29621
11342
25186
4284
861
9240
17151
25144
21300
3324
3933
14140
14344
31772
3434
28179
18125
25391
5710
12367
9116
13174
32150
19806
16892
11505
29586
9054
31329
11732
26363
2610
6386
5685
10713
29910
18831
5127
23972
15599
1299
27467
27306
19623
25558
3717
1712
6839
31095
7021
3804
11461
7640
4072
14547
5105
18281
19254
24350
6059
23210
12141
27858
711
4843
30502
11376
18131
26710
4982
32266
27048
5936
9760
14503
28991
11356
27656
15081
16838
15137
11243
28397
8691
8237
32078
17779
22937
30169
31668
27711
7801
7598
14868
17343
17242
808
2698
22509
23900
31675
28237
24695
21385
26644
16865
3101
3245
31393
31118
7003
12135
18259
528
3657
10369
163
6544
27071
27517
1491
13523
22460
8560
9846
17586
9993
14868
16178
28618
28185
4888
5061
5236
21812
10682
2630
9976
19413
2712
11181
16381
11600
29635
3478
28484
6327
23830
2370
9878
32767
23238
25567
20731
12895
3641
19465
27181
26105
6428
20624
10828
1212
18096
13436
6611
16521
24420
17486
8651
12948
23209
4233
27711
2574
25346
12657
10479
3585
24666
30739
2632
30331
31899
12421
3732
24814
22140
22895
26991
25559
22171
29898
8570
1438
23243
21992
13907
6845
11183
4277
25284
20261
28808
28220
20282
24285
5451
2669
18553
16877
22263
32541
20111
20346
27173
16462
4102
7218
28640
3505
9566
6123
11448
7529
8379
11910
13842
25618
17882
28698
2498
7682
32329
1103
17372
32206
24024
27911
26310
9232
19275
23620
27026
17512
8529
8518
139
7105
23482
28915
21518
7126
9444
3452
6556
28660
22390
4414
17196
16129
18513
24806
14534
20157
27844
2265
20557
27720
12543
2515
30621
15845
4811
22733
17622
25085
21624
5669
24822
32615
23574
16377
174
10982
4840
25555
24430
17907
22805
5004
28867
15037
24993
8554
15330
14703
2716
26508
5509
23217
1433
7816
11253
19313
25698
1874
6504
26083
24042
27744
28814
23494
24451
15883
30567
21994
15953
20025
1111
11503
7423
28473
12668
8015
22960
31214
23103
10399
6201
32560
5929
24081
15501
10351
11257
29758
27000
2969
7155
21026
22417
30270
22650
21864
6250
29683
15841
11240
6665
5108
21119
26223
32412
12813
31745
10430
7272
18106
7940
6869
14851
653
23780
32625
23235
14544
25550
5075
12150
23916
1309
7363
32595
6665
1507
17621
7473
15991
24005
12267
15607
4172
22541
26619
15700
15823
19194
1810
14768
30741
22874
17049
30818
30826
29275
15320
2339
29939
927
14776
10178
18577
4494
12237
14106
20999
10736
13971
26690
20064
25787
22776
25091
12939
26409
23323
31887
18505
7438
24148
25967
4681
7273
1652
16318
15248
26425
1102
5269
5663
32658
10614
10182
27856
495
26952
1229
11394
14794
27436
22531
10357
25706
4633
26645
32247
5629
7512
17333
23361
29926
18059
30607
11676
16216
237
24703
31432
20260
15835
28161
27037
4047
23188
26857
15859
6888
6973
4692
19392
28312
22312
11998
9600
29307
14933
21013
2522
16046
16441
32302
21632
22826
19391
27639
30295
23888
141
3853
14552
16836
16776
10831
20662
12415
30874
2194
960
9504
2995
11671
26122
17795
8973
4922
29255
10389
9397
18155
378
32615
2375
31586
26062
21633
28152
25231
11457
21880
2010
25552
19592
23235
23644
615
16559
8650
25360
2091
23041
27968
29874
18557
17831
32691
11109
3966
3988
9313
6207
4480
9248
14926
29192
28346
5362
30099
8511
7999
9508
19193
19806
23345
24738
14790
20320
21297
17107
26583
11647
19739
12412
17391
1090
30960
18657
8783
183
4628
21037
1927
20477
8378
17683
5515
10246
28572
15286
20233
19867
2543
18374
9466
15265
21910
29676
632
20378
7574
29801
19151
8047
8394
19194
32214
23660
30936
25086
30336
26508
28003
25306
30638
31479
1922
19357
31559
3273
31089
2016
30603
20245
11911
4337
3748
28970
5992
22832
23678
1556
1660
1720
22233
13414
12448
16706
29597
4919
9755
5959
2413
22635
22483
15973
7806
15412
31937
13060
6570
13783
27554
31545
2496
30132
15599
4331
30495
16513
18704
14132
29571
4054
22221
16137
23582
7150
3589
32542
491
12972
674
772
11327
32732
27596
13716
10657
10940
23389
2705
25307
27834
2453
27529
9297
1408
2320
27644
4498
12334
30452
2241
30509
32230
31599
30372
28358
14734
11873
17492
2408
14545
13397
21373
29725
15975
10166
27953
19132
20887
8768
30092
3331
12026
31412
664
27109
13953
2768
23150
21797
31417
4478
7326
6948
21838
1356
6865
26360
9423
27420
9389
28349
6064
1308
19193
14896
10389
28153
24066
14202
12238
29776
11069
4681
11805
19046
15917
293
13504
24088
10375
32002
3755
27925
5525
5905
3862
10570
11480
24796
10551
414
2033
6802
13649
25312
16322
7071
1773
1277
21712
10624
14439
6263
30443
12502
20397
26642
28690
5305
8260
17105
13969
2126
3724
16928
27244
9884
6212
16467
16896
15515
18000
4943
10728
31118
27578
24455
7198
31123
22008
5931
29282
24185
21101
31131
14304
27345
11570
10018
15885
21320
3349
7393
30930
14900
20706
11529
26092
2412
20962
18254
915
7773
12194
9624
6745
31834
2293
12539
24150
31028
17980
13033
11138
6155
22757
9894
24930
1635
5170
16125
8679
28538
828
29746
30611
6618
24631
11831
9949
810
4343
24354
11991
28233
19635
8671
15630
6046
20234
12578
6321
937
15427
19104
18678
7134
6873
21119
31418
3508
1591
19211
26984
8185
32448
29866
20251
29288
31506
10770
8199
23421
7820
19641
5397
22664
14606
21901
18893
17409
29695
24038
29049
17947
20629
13497
26503
13211
23376
21518
7984
20203
14536
19124
13911
8042
28585
28211
12212
21255
5116
26882
6193
24078
14248
30970
7060
19777
17464
29195
19551
32299
8670
22830
8948
12721
20408
11162
30717
11498
20819
9787
32267
23601
5486
8544
32381
11384
14848
21684
23972
3807
20860
5999
10789
23173
3411
28877
15262
157
29114
3264
9356
18117
30383
26849
31596
31636
14902
19885
16160
22898
10217
26606
23189
2989
14767
5751
2979
2505
13772
16404
12596
15639
3610
17857
17577
9353
17557
25882
633
27332
31005
7955
1563
8823
1144
30441
23847
7403
17559
7513
21944
3804
32282
23567
3092
30600
30486
21857
31631
32261
12053
27709
5804
14551
22622
26720
10886
5058
30327
10953
4462
18397
17897
1646
