14671
22108
1401
20034
30394
9549
20559
24326
10206
16845
23630
17103
24691
31363
24592
11806
14849
7589
24707
895
30966
22973
7831
23148
2038
7085
3385
28014
15730
3568
25477
13189
8060
7460
7991
10442
6617
9669
2915
2643
23128
12092
8039
2391
18275
22552
18973
14738
17620
22427
32085
16107
15114
14456
3458
32341
5179
12507
14771
22003
9227
15274
28613
8319
11614
22282
8407
2028
31339
3110
14847
27466
15123
9260
5435
23531
7536
11927
30379
30148
21680
15540
27133
5909
548
30303
5160
15181
13460
27662
19805
32040
29142
18962
5946
1050
32414
20761
17218
24816
22680
14326
23946
7605
5812
23205
12212
1234
9154
23177
28705
25466
1854
5113
29027
19269
12397
3323
26097
5915
30633
16719
3103
14164
18936
28592
22093
2333
13028
19542
25438
15646
14471
15551
23404
4442
15846
175
1209
25174
24448
27766
9449
22397
32294
6257
623
11971
27660
10707
6726
27529
28705
6309
24033
27840
5020
5900
3428
11858
28119
32203
532
14781
25185
25096
32012
2561
1359
14419
20019
26301
6610
10468
26474
31381
24335
31012
12298
10454
7978
11888
11405
26205
13476
19993
20107
6581
31208
24239
233
18047
22304
3711
17485
2071
25165
9050
28628
8052
17815
6040
27144
6224
24545
2141
28172
18825
21409
22811
12570
13512
30703
12376
31792
2400
24540
12722
3589
20089
27652
6432
22850
30829
6759
7034
29423
28018
2164
12348
17707
15738
23399
10375
23073
4439
725
14184
21303
5411
2437
20317
24712
25055
26754
30997
19605
10842
4206
1912
28727
12116
7449
19687
8921
16100
26451
13765
31459
17175
26878
27702
29305
9178
10087
26918
17510
26
6102
5774
5459
553
12899
26354
15677
21348
9996
1583
17702
29459
26885
1907
27914
29840
1103
13453
19988
26796
29068
25191
27922
30286
23570
28368
20775
26205
3646
19327
29375
9952
30730
14933
5832
2404
994
7907
27168
16542
11700
2348
29001
24914
4167
23980
8292
27252
23757
16025
12125
6284
28859
6760
32355
2143
32216
915
7835
27851
30868
13722
21269
23539
16540
27464
7679
30620
14251
27191
11800
29911
15011
26518
16488
18145
12508
10794
18991
28999
9660
3475
32539
17741
8328
19153
1981
3729
11897
10758
31806
29420
21267
381
30542
2457
21170
9708
21854
28057
2918
12278
29711
20309
20480
15092
1514
18822
31085
245
20049
32082
8771
30723
22965
14775
16538
21673
1546
12845
4637
5554
28536
2183
3681
32050
5460
11803
21365
6859
19278
24610
16570
19241
19180
17250
13300
20687
31031
25354
7330
27158
13492
5853
22923
2162
16277
5266
5274
3320
6705
12411
4331
11805
25010
4454
7974
27329
1805
23489
11276
11884
29240
6145
7503
2775
26007
22596
28839
10926
13751
24884
20770
24980
10558
23087
5820
32104
5410
18598
25647
15558
2330
23235
22284
3793
8274
17743
32267
48
19043
14546
2463
31063
8322
12796
27342
12808
6903
10563
21568
32281
15058
26062
20886
22391
31705
30610
26877
18795
8900
7355
31490
8476
15277
5709
21672
1878
23746
12299
10167
26505
317
32664
23896
18453
4246
7900
30431
30660
26102
26025
