14733
29720
13141
18485
29763
18621
14159
1476
29014
31104
20820
17940
19345
18063
20259
13550
103
29988
26722
21880
18484
22199
30968
25353
17350
20594
15032
13372
8988
30437
16959
21571
10605
4603
17183
18046
12909
7468
24381
10316
7371
6133
1399
9506
15870
14981
9098
28890
17217
25274
12083
15437
9180
19787
19093
22563
2214
28487
2011
31210
19656
958
4126
22374
31683
8637
12681
3112
28853
28288
6331
32098
31448
16356
14700
12282
11083
17179
10836
17629
12309
31651
30792
3990
24679
11897
13479
31519
24097
3466
17140
12535
28824
14186
10692
13940
31894
24392
27355
29787
15779
12578
9874
23726
9347
17973
3708
8901
32512
15800
27464
14752
19690
19913
14825
3196
26203
24744
9205
9636
22335
4643
22347
14218
5140
8529
249
15382
27631
10883
28509
7742
23488
15736
8074
8663
9942
9168
14828
32171
22694
27587
16944
23499
5064
2835
32350
13351
21058
11839
22856
13659
31497
2042
17448
12236
28869
13531
23429
14068
32213
1878
21334
27898
16787
20459
28266
11398
729
30109
1287
1235
3012
29350
24274
15366
29367
2409
25582
19390
29859
17832
26984
3052
17542
7671
7379
32741
29746
18801
21295
31157
23120
7593
16144
1974
6564
2276
20988
24674
11667
31877
19732
16486
8162
23496
17654
28407
19392
17075
7395
23657
20999
14666
15645
3838
8895
9987
2195
20988
16356
6777
21952
23298
7528
14692
28369
22939
17020
27849
23814
9492
4108
7534
858
31883
20616
5265
19558
3401
29930
21721
28547
13138
8949
32653
4399
10297
30906
6660
17074
5177
10593
18269
9473
13698
22310
19056
13026
4561
20130
25603
30289
26179
1868
24898
11554
18795
3391
28265
8425
13218
14398
452
13847
24990
21493
29401
30309
17735
7553
4580
6774
30917
14899
21379
22199
26590
2961
25779
28555
9087
1182
15099
22693
5016
25692
29927
25524
31533
31118
7864
16966
683
21442
12122
24294
15480
1423
20886
20872
22477
23580
19849
29480
30152
12257
9813
21677
21693
12978
16406
7443
17870
24313
8728
4809
8379
27715
10567
21592
10747
27902
16102
1094
7947
31104
26500
27706
23814
3148
15916
23392
21878
29585
12253
17423
17769
31732
2873
23722
25288
14479
14465
18372
29669
3130
11713
1927
1363
22537
29512
16470
12794
29462
19547
3761
12650
20352
22571
29785
8304
28851
16132
8373
14311
5866
16326
6261
26065
17395
12697
117
31911
32050
19933
4068
27885
28393
22112
28069
15624
21687
27604
31989
13140
19294
10368
23887
26226
28617
21301
8588
10207
28493
16004
591
31947
27951
10286
4000
6440
24934
11484
9687
4353
21667
9232
10684
13325
7567
30812
20460
18308
851
20434
29567
4657
26974
6331
16359
28361
26722
20108
12827
22651
30880
2837
13558
9672
4454
14332
23769
26005
25046
29802
1688
4734
1768
772
23956
4206
25267
21533
3364
10348
30952
41
8506
30392
29855
18037
23107
32535
15190
25622
30798
23403
12598
22304
16753
14470
4761
25112
18280
5440
1738
25515
12416
30663
20491
22175
1972
3383
15581
3595
22549
26475
15995
451
5999
19730
18600
16151
9257
20485
24234
20925
23149
7640
29079
14603
1161
16046
29647
15721
10901
13906
17866
14855
1366
15236
24596
11979
6243
31121
24213
11918
14214
4135
20758
32135
31589
17766
29953
29703
26978
7738
15464
31079
21183
20713
17993
11071
12038
17896
11281
1241
30120
6899
18526
6886
15076
23644
23305
16239
5098
26788
11876
8718
1601
12872
8640
16477
1638
21469
15667
15023
18870
10847
12952
24830
28557
27079
28630
3109
17840
24539
9830
5967
11240
22858
27663
3504
23280
23800
22772
24691
4753
12695
18129
14579
29452
24951
5506
15149
1464
12447
6341
19574
14572
14620
4928
12905
21279
8601
25286
7716
8526
8752
16854
30644
25759
19328
16996
32205
17219
17408
26076
3518
16544
28562
30309
10149
176
13660
1379
735
23204
22483
13119
18115
32462
4888
9322
15248
13245
30088
18335
1955
28330
9871
20841
19694
19219
4028
4326
15013
9637
7195
458
26426
24159
447
16294
1676
1525
18846
15979
20572
31346
2466
27690
11008
14114
1276
8221
28251
23471
9916
31467
21260
11914
2718
7208
25062
7820
2087
20763
30624
2014
29681
8389
12494
16406
2884
22814
21008
11682
15845
418
138
28266
18995
22284
24212
20913
24431
13410
24754
10556
14940
3377
28358
13751
28680
23834
9604
12884
23273
12429
19495
17333
24107
10965
21090
19980
29513
11605
27290
30337
13787
1041
5202
21460
25007
15216
10983
4675
30490
832
19581
3758
31120
17146
11577
11513
31859
17223
10929
28082
29225
4292
13216
1779
29041
31746
22495
1162
25847
23250
5264
13144
22822
28351
12444
23543
23613
5339
15713
4256
9381
8895
4004
4683
29058
5325
17613
4375
22920
29112
10323
19437
31759
1863
3445
21344
18538
25685
28971
29656
20341
13341
30812
2800
21358
24244
7761
19484
2566
4823
10090
14479
17591
7399
11279
20060
29527
12082
20458
13019
13550
32628
31059
23630
27333
23966
7436
32452
447
10197
29231
16446
26092
16318
8804
30737
21596
25849
19031
32139
32561
6379
24170
18905
14328
28609
18343
28968
5178
29361
19704
14091
16461
30595
7322
16925
29808
4433
2511
13031
16408
32395
21203
8708
8068
14397
786
18818
3991
1685
17816
23948
5095
16032
15305
22598
25362
3412
11346
15609
11601
29651
7775
5744
12623
22766
13583
13474
4923
21480
24356
28049
10779
5245
12032
25969
14180
3107
28365
8717
15560
15504
17659
28007
25680
20348
31983
19358
11946
23464
18425
2069
23492
31519
2695
7634
16794
5820
2457
32548
1356
2796
3189
137
27251
2485
18076
27342
11445
24056
7676
30840
6039
29683
8551
16995
20627
19209
17220
24489
1899
13510
11397
15557
188
1310
15321
28153
11990
6133
1314
237
19659
20453
25897
4504
12230
29243
32144
9827
17054
1090
11529
6028
24491
3525
22470
1481
31961
25807
5169
9263
24058
26293
4060
22865
16737
16982
16571
31660
15020
14242
13969
11587
12257
28761
8360
6790
11453
22037
23493
8312
72
2443
7259
7697
22701
24334
2303
29921
20809
1109
22812
31991
9986
13181
19432
28673
1754
5969
2966
4021
10947
17610
20686
2927
14518
28114
23130
26907
6143
12621
3362
30037
12507
11354
20570
32463
19012
12502
31226
24819
31244
17699
24430
8650
23337
20775
24207
10013
32336
7319
29395
18138
18629
629
10944
14008
13681
32215
4519
7966
11317
29675
24974
21826
25470
24376
4462
142
25
16422
5023
12103
26441
30401
22672
7792
30487
27066
27067
14572
6378
7854
12504
4580
25175
10155
16209
24168
14394
2545
10743
12889
10246
501
19699
1158
27481
18604
3071
15893
18900
15877
25302
22821
19753
7352
23016
21169
31605
6974
13139
29623
3025
7712
25615
13722
18723
24437
11624
17862
5947
12198
27314
27794
19995
13173
26424
23402
24469
17214
20597
9773
31516
20348
6279
27604
9172
28302
23776
29269
27883
30652
9535
14790
20524
20341
3806
19142
21201
18650
14317
17433
27801
16513
32576
27538
25883
21618
27717
17974
7002
23926
21304
31646
27545
3474
2458
2205
10097
22478
16095
1315
21536
1338
19815
353
8996
6963
6063
15918
22793
30435
17865
17578
5759
16903
30473
8481
14255
9461
15362
17714
15823
23005
27824
21808
30452
1359
12023
25800
22568
30717
16716
26340
15805
15811
23987
21712
1505
7652
18665
20635
14706
28823
25058
18113
14099
28098
17782
21254
5247
22789
23127
27813
10781
12026
22854
7594
31957
14267
9606
18845
31267
8869
2449
18272
14953
3932
11275
21082
15754
10255
20724
5846
21940
12542
15137
23973
13437
12601
16877
6923
20018
6314
28460
25817
1899
1877
14688
5078
24803
6623
11824
5219
5511
24397
8469
10847
24269
23567
12887
11337
21319
15933
16952
31140
4984
10016
9326
12448
14566
11764
10199
26358
15216
32748
18025
27156
16610
16759
4456
19066
2759
5314
11739
13924
30335
27006
30016
26537
17297
31203
3711
10467
5186
6389
4893
13776
23654
13830
5298
31480
12918
14716
5789
30864
14051
7892
20470
19615
1450
28647
18884
10335
26153
1388
11632
13542
11568
12479
22394
11013
1372
13025
619
8817
4512
9407
7691
23584
7717
13495
9939
3062
21332
23896
4517
26017
7985
31081
8123
28866
18666
22829
11998
26701
25263
15590
23000
10546
3525
22680
32043
29757
17622
17679
29699
1850
8332
547
8554
20830
19038
28219
6587
18146
4521
22288
89
6129
22274
1972
28064
20164
16843
30674
28956
6412
29700
55
1017
16528
12388
14481
32699
5911
9896
25207
27952
22920
23084
1450
16290
20048
22200
8603
20560
8964
10140
6189
11808
19783
17663
13755
5518
29423
27508
31325
9448
7523
4558
2151
8381
15431
28982
23603
23699
15196
21370
12577
7128
12193
7080
14299
32539
24511
15580
478
20860
11171
4950
17974
19041
5997
21455
25480
5995
32137
1293
17238
17065
11291
14262
639
18699
29089
28770
773
29977
23764
30707
19219
20964
13262
1577
21823
19005
26226
31345
13836
18470
9
5886
15027
26758
23593
29211
25891
5921
8923
4544
26950
9926
20476
25955
3974
14794
18916
4624
8336
3766
19270
17596
15959
1341
9303
32471
20060
28529
5939
4384
22830
822
21372
14525
812
32758
21828
4747
658
23702
11053
22707
14004
4521
26574
7806
17540
21476
16985
32362
23642
21202
10875
28285
3317
20425
21380
11993
18365
8477
31432
1681
31306
30099
27973
17083
24874
27673
4230
11206
30687
21428
29383
25870
10792
10169
9817
27310
10882
7232
27720
8597
4589
20182
29244
11741
11507
28530
10141
856
6631
30123
28154
25707
7275
13863
10412
17183
18996
27735
28598
14453
29970
3169
27120
1530
30250
29022
4709
21916
16006
15302
27897
11196
20689
29736
28239
16260
2139
17951
6889
11643
20836
26497
8593
14422
13974
32729
29944
3090
26579
9240
10398
14143
7729
14983
5361
20127
323
23296
1721
28399
29083
32606
32179
4357
23692
6194
15996
25627
32053
22968
15281
8811
11962
21769
6741
5116
13269
12689
21875
13243
6030
6852
17668
10957
2886
13837
3090
5668
26106
13575
12830
19024
10438
22512
27584
2456
11432
29787
22157
24650
23943
21540
11325
6991
9844
169
12558
3330
29487
20023
24931
5187
27373
15299
8881
6598
18520
31451
31643
30641
29400
13276
5980
32615
15633
23140
6246
4510
27821
9738
32328
31928
28507
845
8917
5456
24855
4299
4739
15635
18349
31924
17425
19409
10104
22141
29549
3795
21872
10457
9172
21104
10852
28645
3387
10715
31619
16290
30958
26943
31777
11945
20855
1550
27832
22810
27073
20886
15149
4054
16253
16853
30805
2030
15557
15502
18104
7771
15615
6300
9877
1007
22789
18823
17190
25995
16003
26965
9508
25747
5792
5282
28302
29599
16352
19699
935
27507
24392
21832
17726
27698
3268
15600
16433
24270
7879
3233
30260
10947
22833
18888
9167
29701
885
17438
10150
30006
10747
24956
28413
18973
3779
23536
2939
15956
3404
9744
22062
29760
30132
27022
17360
30790
8992
21517
20041
5180
20830
9779
6004
30494
30153
14592
10534
1283
8045
27998
30317
25423
8812
14841
533
5417
4769
19280
20081
15408
20866
27149
31320
20841
13131
7057
12141
27260
32601
12500
17827
24353
20435
14188
16385
25301
5264
235
1699
26321
15669
13422
514
22588
20126
7795
31605
3744
26496
13035
26359
32411
30796
30097
31274
1239
12886
15481
13468
23867
29238
236
15689
6755
10606
12915
14690
12622
2894
16434
77
27991
277
19575
20717
24679
10585
16019
27683
9064
26281
9961
14485
31485
16752
10564
21422
13424
8476
24942
13286
20204
8320
30206
16451
17644
375
19825
287
2547
971
6524
20013
4222
9045
11425
7607
27702
357
19969
22825
25707
32100
32625
23251
2750
16567
27087
30955
10781
16871
25495
16849
8693
767
17841
19863
418
3894
653
18625
30763
31694
13170
7241
27692
28732
4115
22247
20499
31113
1124
15247
1679
11512
22699
6458
27462
24041
8154
20457
21447
27389
24604
9959
7359
26235
10670
22607
5999
7667
4080
30159
27485
17697
14524
2731
16458
18451
30198
7941
17509
2190
7524
91
25278
2735
4800
29521
15869
21710
14348
12977
17236
1703
14374
24496
27058
27580
24476
18291
28986
3317
30657
8657
14067
1418
22529
11611
28865
7970
8561
19609
26004
31037
22698
2199
30175
16335
20952
7328
2124
13613
8974
28490
11950
4909
4317
7347
5942
1929
10532
30217
7659
20357
41
6736
4692
14034
17385
3167
1399
32177
6573
27180
13320
27228
31198
10570
24794
2465
32282
31920
13209
25296
21895
18364
28603
8919
21352
17016
6068
684
19438
13083
20585
27883
13136
24787
6376
9921
13086
9153
10838
8
10706
13893
5160
20147
18600
11133
26775
14701
17327
12040
3405
5501
18464
29200
1125
23533
11503
27015
16786
31211
4513
16816
24478
111
24413
10978
18967
30494
24645
25481
12101
22127
24839
9069
20062
27916
4270
19511
30205
13435
4799
817
18129
22781
30593
6221
3730
30902
3740
24169
20282
24079
18405
22737
18033
14681
5753
25093
2377
7603
2569
12221
2091
17709
4724
22571
3858
24621
8603
15488
5622
29714
8049
31921
30092
3352
25681
22651
21548
18299
11669
8613
24338
29664
16484
9093
9162
23280
11979
9157
7654
25670
29455
24679
19698
9355
21826
12039
26282
5855
20245
8544
31082
1403
25069
21266
4837
26005
4921
17571
16154
10884
770
26563
29572
21541
20675
16596
14993
15485
17020
16809
13142
26784
25090
16782
14721
24785
1177
13961
18831
21482
28868
5088
30015
2559
5724
29147
31814
27198
3296
25291
23876
6169
19468
6475
29431
27560
21165
17350
29102
18760
12211
16698
22785
7305
8584
4923
11712
31303
16288
12602
4137
11798
25170
8455
606
14052
15590
30869
29462
30425
24047
11518
24722
6786
2523
21190
10195
31535
9160
13156
21514
153
6297
23550
592
17864
73
2421
11671
1332
27008
5537
30432
4139
868
18910
15791
21874
6578
15047
7356
15151
5901
4417
7916
20486
406
25788
16511
6019
9660
2741
4235
30136
25430
32639
1705
32295
20719
19524
24814
10722
10592
3655
7709
14576
14245
875
26650
17139
13545
16377
674
15112
19683
29086
4666
27375
15461
21427
20325
10604
15922
14529
31258
20460
14865
19781
8565
13164
27167
30640
5037
9367
27241
31154
2630
15150
26298
14008
26248
28845
23218
17332
4655
20012
6168
9244
22628
12675
1905
22581
19180
28081
22226
8337
1952
19071
2802
6870
29213
10080
9859
7106
13756
17820
23491
27244
9157
32173
31822
16589
16863
25577
6966
13694
7371
8290
5461
29379
13138
32267
29666
24265
3452
29980
23875
6444
21507
13495
2082
29116
31751
28619
25795
15489
23299
28985
28821
9981
14080
15157
26631
29360
9993
13807
19100
14562
22494
12659
25922
7068
2285
16078
22240
2040
21885
9331
17198
28058
7725
29149
10185
3967
9885
30325
1927
20982
15211
8117
24583
10731
29793
654
7565
4459
26348
5127
269
9573
23760
21800
11398
20654
25371
30230
18834
10312
17751
13439
32314
23780
18692
31032
9230
26021
15686
31013
30070
18471
13018
23898
9539
8640
28750
13951
5257
22022
30322
16249
6833
1681
10506
13127
5066
14338
28613
14889
10528
18499
25459
12808
2064
6673
23410
22034
31514
6584
28521
2469
6456
32542
16697
19054
32622
28931
9009
3538
18595
28039
28290
3468
14255
7149
7666
18328
18357
27550
212
13648
5811
9329
6711
32214
24151
19497
94
10161
28437
1344
20592
3515
24950
19171
2673
6970
29107
11837
26993
4941
14722
30968
3075
26506
15408
22785
241
25061
30960
31116
3118
9683
30579
11609
14348
19632
696
3637
1711
8542
1574
13763
22466
16176
16600
29564
22120
6150
17208
9205
886
9657
27343
3424
12255
19129
20571
25942
31600
9716
23586
25556
11197
24058
29831
1923
28507
10079
31451
28476
24911
2657
2677
27851
24775
11211
11781
13555
4360
7450
32549
20659
5544
30685
25649
13256
24317
18530
24665
7283
6869
2958
10740
8316
7527
17421
31511
2935
22154
27308
20583
29254
10021
15874
2603
8159
10983
13654
9126
16208
19000
6845
29859
26368
10351
4227
12625
26935
16965
1484
7249
3552
20617
24187
7950
6542
17174
21075
15437
17854
26627
18268
4357
3676
4889
11145
22384
30856
22922
4503
8290
13977
13791
5432
14042
19810
10291
19057
25046
7861
9887
15425
30828
32038
29173
16003
31767
11537
8881
5909
11599
30431
556
16954
20060
11908
1043
22077
2155
21580
29720
19032
9954
13016
11239
9427
7409
7779
25948
21616
2409
14667
31987
14599
11474
25036
14464
8046
1464
11534
26144
13467
1861
4962
26479
13325
7701
12744
31995
21864
30533
17590
26105
15711
15821
16404
10295
30166
16912
10379
5202
12616
16306
4607
23081
23911
13738
26458
16785
18691
1176
24460
23371
24877
18264
17360
15923
18844
6615
27440
9401
21584
16933
3915
32405
7284
28620
24150
19127
18569
1377
28257
19837
14273
8280
30171
30505
7849
21276
27993
3730
22283
17760
32403
29722
26387
11951
25775
4319
944
24395
8643
17974
4669
19252
11669
29013
28001
19335
421
22351
28980
2569
9837
3398
4771
19204
9703
12507
1557
2386
1872
1258
14671
6327
14380
18037
9364
17012
1674
19933
14097
4120
4233
20568
25209
14490
19739
21919
2541
25509
4617
13799
22558
14131
15159
13331
16565
25437
22314
2088
12531
8305
31943
28161
13204
21318
11869
3140
3066
19404
28134
18324
3207
20967
26250
22024
11339
29822
20325
9948
8159
20175
27530
29287
31120
14341
19272
1613
5312
4364
12972
8694
20618
9380
18758
30527
23973
19892
30512
9071
9099
22497
4941
13420
218
20064
18127
3631
27386
11528
18940
17525
12544
10156
24113
15543
26066
31655
10535
11357
13708
32696
21877
18223
10787
26129
7254
12812
9033
25770
7341
3550
1424
14299
9030
11981
25809
13098
18527
21427
11727
21602
1639
29136
4888
3301
11781
26816
16684
13634
23388
12969
7649
24330
20622
25785
5894
30944
22910
5072
17479
30928
7387
29049
24656
226
32346
13599
23862
12782
30274
9598
6162
8369
558
22103
28655
8481
4878
28264
17382
23550
7280
2459
7303
25258
10494
2942
1147
13626
6215
30195
21608
28365
27074
6185
30229
3100
14607
10698
25295
83
20353
9846
24843
3104
28378
32113
17740
2825
14677
27032
14919
11010
23274
1434
21573
16959
22477
28772
29642
14151
9272
5597
15220
12106
26986
28628
7461
30388
7152
21302
16997
22530
18211
7557
21505
21716
12786
22149
25848
30020
16609
6713
1176
8567
14674
24333
15333
14705
18947
27733
31290
24366
31961
5366
13619
9966
30172
2659
16329
8656
9090
23500
7359
30370
17456
30098
20542
31992
25854
13565
29884
3707
15803
25649
5922
644
3633
12894
7725
2026
24745
31800
16660
20760
21938
30887
20844
18018
23839
7615
23625
12953
79
20978
26279
7644
8625
15748
18696
19122
21894
20544
28254
2390
14313
20330
31274
21842
25613
32756
6630
29007
28871
16628
1441
29996
5708
10838
29673
589
24891
974
1261
4662
5854
10257
26851
4952
11949
10309
17832
18474
1299
17334
8102
7292
11125
1994
18939
25865
31089
11319
8664
15691
17251
32627
6438
30611
23086
30573
21616
21336
14393
14970
24573
28111
32695
13458
16444
8381
11820
3260
24934
17290
10540
3783
10846
662
2150
23867
14044
16592
16610
32655
31946
14212
5511
8348
24814
18548
28896
4434
32458
13867
3104
25514
10176
13966
1891
12763
23930
5044
22326
26065
19337
20215
11098
5339
1100
31307
12997
17316
1300
15311
24810
9828
17797
12194
6202
12631
22080
7160
24043
3439
21183
11117
31480
17734
10879
8601
11881
15958
1381
15844
21716
21100
18267
16539
10532
7514
30522
17988
665
21228
3308
27951
13328
12574
27346
31054
28805
25228
1635
27206
22742
25898
1046
14278
5833
18741
19074
10264
10577
23658
20676
29942
17933
5493
11298
12958
29714
21420
8430
11561
17386
18173
15020
12312
18652
5157
12151
27696
14190
2339
4768
28552
19753
30189
6809
25568
26012
32097
32273
1844
24740
29310
11361
4753
15850
5588
25895
808
4524
18233
29488
31137
14017
32702
3740
9137
25047
10210
10812
25583
31232
7685
12351
11235
23149
287
29198
15456
24952
5041
20340
16404
28904
19196
22786
29790
17265
24178
29106
21599
15227
27498
13258
31316
3877
279
7427
11043
30088
10427
17899
16435
14656
15896
10376
25473
21545
11303
14910
20977
30822
25101
23794
6114
10920
5195
27504
31748
20908
7733
25866
3182
24326
6053
31874
491
29982
29424
3627
28053
11896
14105
16714
25766
27192
10821
22722
7818
16869
111
30449
14649
3181
25181
22741
6083
4713
24787
19571
3884
22435
10246
26233
21883
7637
1875
15138
26382
1204
8497
7770
22064
27437
22373
12067
14574
30191
18293
12855
10534
24361
27486
32750
2784
29589
12937
2403
3297
24757
9980
14546
6014
14429
29390
12613
7599
19825
23005
12656
1124
19952
31683
7641
5148
15921
29189
30268
10419
14701
7822
14893
4987
7038
15964
255
25487
30694
5242
18661
2148
531
16686
16727
673
19170
6515
5303
5937
30561
4777
30005
14486
21721
5772
28912
6784
28172
21347
20829
9118
1467
23673
2541
12724
6763
11985
31210
25582
22377
28182
1442
24436
5900
28113
19144
16958
23098
23263
29719
14378
22829
6433
28728
26187
4471
10613
4070
8324
30020
11237
20304
7510
8160
21023
20159
7159
13177
22053
15992
12452
17445
18758
16868
11063
29735
20301
3566
19452
9582
6648
18093
15041
25694
14508
24643
29740
28627
4198
1797
8530
611
4085
21212
3460
16612
29799
18922
11884
29230
12737
30321
29274
25634
21491
5105
18648
8684
27658
6033
6532
24452
23976
6080
7455
15995
8369
22300
19681
20468
19272
30355
23567
30705
30714
4808
28624
5584
23608
20664
2365
5653
8971
7581
21943
20841
24579
9747
22909
23779
11889
18553
10365
12167
20693
1690
8555
16652
25754
14988
24337
1507
32257
4825
21478
27764
16476
6621
17377
16299
18044
19567
4239
4787
28524
964
2916
6657
25440
13967
16975
5525
25832
21869
31376
12412
17001
18049
19918
31130
31694
17499
7524
22950
28795
9247
20477
10870
10626
18147
3424
21373
5146
14936
27789
3986
16461
19629
18440
16370
30704
6064
11381
28809
16856
18231
5477
29037
9547
7870
27760
10668
16821
593
32388
1863
3740
1709
23420
12414
22486
19618
21492
23118
18938
11195
2396
26681
8980
28705
17484
14661
23453
12221
1303
17991
23466
31389
675
30049
4195
27289
2936
18122
30135
22070
32022
16077
26702
10954
17804
12565
21439
12769
9030
20775
4356
17888
5927
11312
2347
14824
15576
28673
28749
30973
32095
9048
11460
8296
20467
13153
16025
6489
32014
31356
15164
30161
6085
9281
12664
5311
8533
4801
2469
20842
2814
10511
13856
16910
2580
7936
18424
18890
29267
16942
15338
441
2675
18499
5008
15712
3836
5748
3797
11848
22364
8779
6572
27371
20790
20394
16898
23765
17918
28685
18928
23043
7875
18191
10806
28047
6731
14384
6373
5007
10597
469
26715
27706
25979
10640
21108
10828
21863
32162
1023
16556
29831
20414
31855
4940
12308
19728
5587
12113
20143
6014
18697
20085
30269
1070
558
10665
17397
9032
6488
24318
10935
29949
17288
28357
2976
28616
4058
5109
15579
15347
17663
31694
29370
18526
13037
8380
16133
7292
19669
19582
6802
2974
8022
1415
11541
11636
30448
27557
18234
16336
19131
18400
17137
21934
16217
21413
15881
30578
22057
31524
25345
6256
7357
7926
13339
1457
28815
6403
3249
12788
10991
2211
19660
756
18752
10755
25331
1001
25956
15563
10305
8529
4725
15869
17083
20976
29110
31008
480
20758
5065
13471
27009
20000
31266
32108
24274
13633
19643
21992
11202
30083
6153
19463
19592
26632
10032
15023
15230
15510
20083
14946
12083
3923
14830
1309
32443
3020
5255
20864
8266
16700
6946
26926
30210
3084
28692
32375
23816
14486
17114
1333
13021
17198
8204
4851
17644
22883
32140
2645
24159
130
22275
5556
26679
1372
28302
13576
20380
6473
1460
25355
9841
16493
8860
5531
12844
30010
13692
7520
23781
9526
12885
10416
15532
27391
29406
28079
9504
10636
29885
16315
30526
27829
18429
5127
9078
13046
16829
14725
4612
1136
18213
18442
25981
31536
17567
2733
19368
8372
9539
26992
20624
17579
24210
5666
26583
12541
25704
131
8269
24331
6444
21930
13761
4664
3658
3748
29976
31656
10467
21086
9884
19272
32451
11972
29334
21006
32659
27947
29726
6530
15951
1516
28210
5245
28411
30546
22278
19760
27794
951
11675
13417
23360
6889
19859
30226
15056
29395
13636
30458
32104
4953
29195
24537
30324
22915
9954
22926
13792
13790
24885
24234
9098
10783
12274
17970
28407
18954
12512
27553
10053
17298
2097
6189
3936
12866
30298
4427
633
16859
34
28789
31924
25663
23801
10283
7201
7821
8076
23096
11758
12686
19606
25398
7131
8528
21497
16212
19949
24592
8205
11351
21607
8285
12088
11487
28150
4731
27583
20716
15916
4358
13787
26528
18479
215
21520
32327
435
26668
15802
20628
4645
258
29673
3629
4649
19142
23662
6507
24391
24365
21302
9050
22497
3681
26071
18696
4969
1629
28009
5628
27345
2458
31383
4100
25922
30955
18421
12340
23824
13477
9877
27947
28910
6404
6357
15000
5470
6602
3962
8701
23148
16681
32003
22707
14748
5603
13111
30511
33
11440
16129
13699
10575
26848
13949
20775
15699
12353
11603
32762
2082
5699
17220
5252
15535
16986
258
14206
22625
5540
30533
23188
23236
21452
21531
18537
9599
21294
25215
30172
6278
30780
10286
30858
16016
32
5558
18067
7628
24227
31952
9122
207
13133
16623
24359
19409
6605
30233
18407
12826
22940
25078
30903
24503
14558
4903
25220
27505
30345
728
14231
9472
12232
29849
7191
4987
13474
2153
16336
14355
4055
13076
17714
26881
17930
4288
6557
22717
4133
17858
8924
7537
5370
25014
26095
19629
26150
30926
2829
32604
17467
26474
25321
20983
28190
29673
20789
13560
32685
17087
16484
8594
9125
20680
693
1695
7363
26589
17517
474
27178
16804
29539
14670
2821
19628
16322
26894
9581
18361
6667
31015
5261
10076
21081
12243
8708
31175
15593
21487
28298
15584
32729
21423
19927
23188
28208
17297
6593
16238
5151
18831
16548
16232
22663
18585
4870
15617
22458
24642
5243
18063
23430
5306
21447
7639
5232
13052
3651
24027
30781
17736
8834
13043
27063
11220
5683
22815
3501
11711
13129
21660
28988
5702
90
6325
25933
12858
6213
4316
13151
16817
9496
16377
3975
12797
561
27138
27572
13274
18851
31692
4152
491
20699
9505
7556
27496
22659
22802
23347
30481
29606
10382
30795
12902
27157
11060
8383
281
6666
27238
3128
196
7436
671
27156
21720
13330
28422
20143
28373
16107
13123
1506
9921
17117
22417
28362
14291
17549
27412
17611
30063
31006
110
31188
19543
4765
22669
1508
25631
11165
12230
20429
29921
5662
24872
4920
9523
4532
21514
26601
1110
11493
26599
20036
29872
21970
21100
25872
6780
24090
9166
11388
8897
30203
25953
31327
30336
25274
1639
964
11826
29765
2853
8102
22898
32280
12861
9976
28406
22365
1079
5609
30915
9815
353
21093
20641
31488
25049
15327
205
31985
7144
26702
7407
12419
9361
12917
10059
5940
7786
32104
22075
12108
27307
20812
19933
5824
20613
13662
8713
21846
11957
27447
13446
4618
27480
28494
17277
14256
5633
25278
15405
19676
28681
16969
9697
767
20262
3741
14623
16594
3647
18903
30499
11256
127
28230
21900
30175
6825
17009
21076
28647
18091
11867
1029
10950
5493
30213
31274
9515
17163
32053
516
19873
16601
30838
9087
23478
14920
12128
27236
17501
18318
13337
20432
19858
17098
13340
22501
1340
29520
17977
14271
8023
833
23005
6058
32594
29536
11156
17810
28854
288
25292
27579
21257
13058
15580
8114
15602
32541
26949
23939
23198
16382
31543
17196
2913
27571
5207
8274
673
16675
11455
11827
28656
24481
7238
988
29304
31936
18690
6811
23452
11368
7948
30392
1244
28457
13699
18528
15609
31440
17620
6370
4186
28984
21048
22558
28847
31075
13438
24121
32724
28361
22026
13718
504
6896
22558
16642
15102
11581
31576
4655
15139
25866
29052
1124
24290
8697
31860
28530
1557
20103
32405
1770
18012
22756
24612
14733
7362
11778
28185
9476
25246
27371
5666
29138
2488
14425
9195
11142
25517
1152
25501
26933
30869
3887
19877
23079
12514
31767
8118
2769
22155
24426
1809
30211
12651
30889
16388
13923
17124
4023
20144
27674
25799
10289
13584
10957
20344
32514
18999
975
19277
1585
5849
149
4408
21246
23309
8554
7846
12846
8529
13411
166
22179
719
6294
23118
22063
223
16775
10842
26794
6092
3811
5143
7490
28379
19569
12160
31251
18825
28229
9382
14840
7701
23863
5717
7328
30014
26515
8180
31972
30542
10770
27309
8535
19031
1289
7630
31519
9661
29153
11887
18180
16116
19655
21078
17607
29579
26276
6679
30901
21610
29520
30335
11131
30296
10243
11571
7228
11200
7692
149
6369
2996
19909
3815
28849
27186
13766
11443
29985
9638
601
15978
31981
28081
18734
21835
7527
26409
11600
4998
3599
20833
32600
7074
27237
4266
11745
3868
17915
16921
6715
24657
18126
15499
9572
31645
14806
8935
2355
3013
21980
27555
20951
23954
8332
394
2944
9919
10699
25020
30812
13334
4427
23286
25285
17109
2652
21011
24505
2390
20997
12243
5514
13039
19283
23516
23254
21272
13809
26878
16826
5067
13049
22203
25411
9009
3082
3079
32549
9338
28827
28492
17328
10252
7566
16305
20991
28385
8968
5020
21107
32042
15489
8309
11616
16441
28439
12206
15365
19357
25128
25856
1474
29071
9759
14839
23941
14989
23950
21168
29574
68
31870
4066
12084
12211
4611
539
25966
30350
20499
8780
16119
24544
17815
29576
25380
9205
32451
29193
15064
12151
32675
29556
24498
9687
19703
23645
2949
25326
30529
20238
7177
16357
23580
14212
32464
8018
4559
22715
6523
1187
12578
16172
557
15040
29041
15507
7232
19948
19198
20725
27959
23788
5003
9442
15860
1388
18729
30968
23596
28574
32587
11944
4119
15652
8734
20029
6764
24368
1053
11801
20108
6122
27104
8002
7421
11026
2100
17182
8731
486
10353
28283
3338
17990
26376
15826
29423
14614
16476
16077
25184
18404
24531
21254
19225
9674
25900
12306
3568
27542
5139
8382
18699
809
8690
27544
13392
25117
5643
690
8733
22443
28612
24738
30777
29131
1857
14029
13579
15772
23608
20710
21770
26375
18177
20913
11381
31647
16365
11533
2372
21708
12505
817
12638
27945
1283
16694
4364
9514
27420
10966
11694
15106
32158
12659
12461
31172
17759
15450
7856
25544
19047
17994
3859
23632
9982
29744
30613
5227
20746
2357
24656
16154
3480
23546
5103
20658
17081
12578
8219
19841
7055
7954
14902
27572
12967
24308
23628
3192
13961
12034
11846
20576
15502
10753
3937
19207
13810
14347
21471
6646
15146
31890
2813
25288
8568
26018
24868
31884
3772
16486
29283
18538
32653
30446
8477
32138
29576
23343
17663
27697
13288
9036
17973
31789
26712
31508
30942
27252
28165
20171
19645
2568
9462
13101
9521
3101
10144
3760
28007
4990
8373
26634
15566
5933
13118
32243
8139
22601
10473
3116
22703
28469
23204
25024
11494
13303
1898
11402
4720
1502
3421
7671
20886
13928
14614
19725
28373
7010
7993
31148
28959
3153
13388
